1000
20 168
21 32
22 2
21 70
25 3
18 619
27 1
22 4
25 1
21 15
23 3
27 1
24 6
22 4
22 11
21 19
19 22
22 23
19 309
25 2
22 8
27 1
22 13
26 3
20 154
21 99
26 3
18 167
18 780
27 1
21 33
23 19
25 3
18 100
20 123
27 1
23 3
19 319
18 39
25 5
19 15
18 156
27 1
19 355
21 39
25 7
23 14
20 182
20 4
23 8
26 3
25 1
20 29
25 4
23 2
22 35
22 27
26 1
23 16
25 1
27 1
22 18
19 295
23 19
20 185
24 3
23 5
24 3
19 287
27 1
18 586
21 89
23 10
19 308
27 1
23 8
24 9
26 1
25 7
20 168
26 3
22 3
25 4
25 5
22 24
22 9
19 18
18 158
19 54
24 6
24 9
19 315
25 3
18 244
23 9
22 10
22 18
22 8
19 209
27 1
22 13
23 17
24 4
26 2
22 15
18 499
18 521
23 17
26 1
21 52
23 15
20 35
20 26
25 4
25 1
18 140
20 116
22 37
19 165
22 30
19 60
22 3
23 16
18 427
21 93
20 79
24 10
24 9
23 5
23 13
20 90
18 49
22 2
20 73
19 362
26 2
24 9
24 7
21 99
26 3
26 2
24 6
20 103
26 3
19 297
22 32
24 10
19 317
24 9
20 201
21 69
27 1
23 6
21 84
20 53
27 1
23 3
21 72
21 34
19 326
25 7
25 7
25 5
21 45
23 19
18 20
19 107
20 197
27 1
18 448
26 1
19 168
19 234
25 6
22 36
22 27
19 39
25 3
22 8
24 1
27 1
22 21
23 15
19 326
22 7
23 17
27 1
21 59
23 4
25 6
20 168
22 19
23 9
26 1
19 167
22 4
18 316
20 188
27 1
21 70
18 71
25 1
23 15
18 337
24 7
24 1
21 50
22 36
26 2
19 298
24 4
27 1
25 4
19 54
20 182
19 130
22 15
22 39
18 57
24 7
20 50
26 1
19 297
26 1
22 13
23 8
27 1
23 10
21 96
19 410
23 13
23 7
23 19
18 251
20 69
19 22
25 3
22 30
23 16
18 43
27 1
20 172
21 25
22 36
23 15
22 15
26 2
26 3
27 1
20 31
23 1
19 107
22 20
25 6
21 11
25 4
22 12
25 6
25 2
20 177
23 4
19 163
27 1
25 5
24 4
20 136
19 313
20 20
21 3
23 3
27 1
18 163
27 1
24 9
23 14
19 377
27 1
19 114
18 127
20 138
26 2
24 3
25 3
20 148
26 1
27 1
27 1
21 90
22 32
18 599
19 194
18 327
19 29
20 49
20 197
19 148
21 69
24 10
26 1
21 69
18 303
22 37
22 14
25 6
22 13
26 2
24 3
18 737
23 1
20 75
27 1
27 1
18 215
27 1
18 240
21 6
27 1
18 12
21 54
27 1
20 169
22 22
26 1
19 239
19 173
24 6
21 75
19 135
20 80
22 26
25 6
18 700
26 2
18 265
20 159
27 1
20 105
21 42
25 6
26 1
25 4
26 2
19 287
22 34
21 83
23 9
22 5
26 3
19 107
27 1
19 389
26 3
24 8
22 3
22 16
26 1
21 61
24 10
20 89
26 3
21 71
21 97
21 51
21 81
24 8
25 1
26 1
27 1
26 2
23 15
21 97
27 1
19 329
24 9
20 167
21 94
21 82
25 7
20 91
27 1
26 3
22 30
18 328
24 10
24 4
20 167
20 44
20 20
22 40
23 15
19 307
21 13
25 1
21 72
27 1
27 1
27 1
19 194
23 18
27 1
26 1
21 87
18 714
19 126
23 19
18 87
19 292
25 1
21 90
20 64
21 90
20 154
24 10
21 52
25 7
21 31
18 804
18 753
18 73
27 1
19 111
21 49
24 5
27 1
20 153
26 3
21 87
23 8
25 2
27 1
25 4
23 4
26 1
19 157
25 1
23 3
18 11
26 1
26 3
21 19
24 6
20 35
21 41
18 571
22 8
23 18
26 1
22 28
26 1
20 15
22 30
25 2
25 2
21 81
21 83
26 3
21 57
21 14
23 15
27 1
22 36
22 37
26 1
27 1
22 18
19 164
18 180
26 3
24 5
25 5
27 1
22 18
22 37
21 63
21 97
25 3
19 349
19 117
19 367
18 10
23 4
20 104
26 2
19 40
23 17
18 149
26 1
20 80
18 664
25 2
22 40
21 42
27 1
26 1
20 42
23 19
22 31
19 374
19 271
24 9
22 8
26 2
18 25
23 18
20 108
22 35
23 15
24 6
18 295
22 16
27 1
25 5
23 9
20 77
18 448
23 19
24 3
22 39
22 22
21 30
27 1
26 3
19 308
26 1
23 19
19 393
22 25
21 38
20 176
27 1
23 13
21 72
24 6
23 12
19 204
19 169
22 29
25 2
27 1
21 9
25 6
26 2
19 208
25 4
20 24
21 93
24 6
19 98
21 29
23 18
27 1
20 56
22 29
18 76
22 2
25 4
22 19
19 86
25 1
18 21
23 12
25 6
21 41
22 35
18 618
20 114
26 1
23 18
18 694
18 224
19 91
18 578
20 26
25 3
21 55
19 381
25 1
18 153
27 1
25 1
20 175
19 309
25 5
18 483
19 125
18 321
23 2
18 391
25 3
23 5
21 60
18 134
26 1
20 61
19 248
22 34
27 1
20 55
18 441
21 12
25 1
27 1
19 370
19 46
22 21
23 15
19 243
24 2
23 1
23 16
27 1
21 87
23 17
27 1
19 235
19 184
26 1
23 11
19 335
25 2
26 2
26 1
19 118
20 126
27 1
24 10
19 405
27 1
18 768
20 51
22 32
27 1
24 5
18 619
19 266
26 2
21 90
21 73
20 142
22 20
20 14
20 158
25 5
23 13
21 94
20 79
18 511
27 1
18 143
21 48
22 18
19 78
25 1
25 4
26 2
26 2
22 39
27 1
22 10
21 60
24 6
24 5
18 585
24 10
25 6
21 69
20 28
27 1
26 1
24 1
21 73
25 4
27 1
20 79
20 149
18 570
27 1
24 5
24 2
19 98
27 1
26 3
27 1
21 32
23 8
24 2
24 8
25 1
24 4
22 39
25 2
19 43
27 1
18 491
18 565
18 146
20 196
23 4
26 3
23 2
26 1
18 146
18 358
26 3
18 618
26 1
26 2
26 3
27 1
26 2
22 13
18 149
24 7
27 1
19 171
23 8
23 1
21 11
21 72
20 83
25 1
24 8
22 20
26 3
25 2
25 3
27 1
22 5
24 6
20 172
18 169
18 480
21 79
23 11
27 1
18 238
19 176
24 5
23 11
20 56
23 13
21 47
22 21
18 462
22 37
19 201
24 6
27 1
27 1
23 9
23 11
20 159
26 1
19 80
23 17
18 116
20 85
20 21
27 1
23 14
22 5
21 91
20 32
26 2
19 53
24 3
23 6
19 159
18 798
22 8
22 30
23 8
26 2
23 10
24 7
22 23
23 2
18 469
24 8
20 147
25 2
22 25
23 15
26 1
26 1
22 25
20 85
20 127
21 39
20 138
19 293
23 4
22 38
23 7
20 61
22 26
21 91
22 20
25 6
25 6
27 1
19 86
23 8
27 1
23 7
22 25
27 1
18 327
23 13
24 8
26 1
18 345
21 29
27 1
18 763
19 168
19 123
20 101
21 10
18 539
19 399
26 1
20 82
20 21
24 6
20 111
25 5
27 1
25 5
25 1
19 357
23 3
22 35
21 79
26 1
26 2
22 38
22 11
20 198
20 23
20 62
20 70
23 15
20 97
25 5
21 56
18 337
21 32
23 1
18 611
18 264
24 9
26 2
25 5
18 699
21 35
27 1
18 732
22 16
19 394
21 4
22 11
23 10
26 1
20 129
27 1
23 9
23 3
19 76
20 162
26 1
20 45
19 122
23 2
21 21
19 60
21 11
26 1
20 25
27 1
21 93
27 1
24 2
25 2
19 56
20 95
27 1
19 246
20 175
19 252
18 460
27 1
27 1
21 83
18 664
18 190
25 1
24 1
26 1
26 1
27 1
25 2
26 1
20 76
19 219
23 8
24 7
23 14
18 306
22 31
25 7
26 3
26 3
20 40
19 402
26 3
23 8
19 91
20 129
22 16
27 1
26 3
23 19
18 360
23 19
22 27
27 1
19 317
21 58
20 160
21 88
23 14
19 40
25 3
27 1
20 198
18 641
22 30
25 6
18 255
20 201
18 4
19 109
22 13
26 2
25 7
23 17
21 3
26 1
24 2
23 17
20 168
24 9
24 8
19 120
24 10
19 405
20 132
22 6
26 1
19 13
25 6
27 1
24 4
27 1
25 1
22 35
27 1
23 16
21 9
21 28
21 37
19 87
18 25
26 2
19 52
23 15
23 12
23 6
18 246
18 538
20 42
21 17
22 40
22 16
19 293
18 42
21 71
24 7
26 2
21 48
20 15
26 2
24 2
18 193
23 15
25 1
25 5
19 32
27 1
