1000
24 8
24 6
25 5
19 33
23 3
18 28
25 7
23 6
27 1
27 1
21 11
19 257
25 5
23 13
23 14
26 1
20 192
18 739
20 193
18 598
18 5
18 227
24 8
18 475
22 12
24 7
24 4
23 18
26 2
20 120
18 286
25 7
21 94
26 2
26 2
19 124
24 5
23 16
19 389
26 1
18 41
19 175
20 112
27 1
20 52
25 4
19 379
25 4
24 10
24 10
23 15
25 5
25 7
20 124
23 18
22 32
22 37
19 292
20 165
24 5
26 1
23 4
22 7
27 1
21 99
21 77
24 8
19 172
24 1
20 8
26 3
25 7
22 34
25 1
22 25
20 41
22 22
18 605
26 3
24 7
21 10
21 94
24 5
22 18
23 10
22 13
27 1
20 42
21 70
23 13
19 299
22 15
25 1
25 5
27 1
18 720
25 3
24 5
27 1
26 1
24 8
25 4
23 9
22 35
25 4
20 133
19 113
27 1
27 1
26 1
27 1
26 3
21 98
26 1
26 3
22 12
25 5
24 3
22 21
22 18
24 5
22 17
23 9
26 3
24 6
23 7
20 36
19 13
25 7
21 44
27 1
22 15
22 7
20 134
26 1
27 1
22 2
18 276
25 1
18 777
23 10
27 1
18 334
20 38
22 25
26 2
19 234
21 16
23 18
25 7
27 1
23 7
24 10
26 1
20 194
19 3
20 13
21 38
19 191
26 2
25 6
18 82
20 184
21 99
20 139
26 2
19 228
19 358
22 18
25 4
20 105
18 189
20 44
23 6
21 40
26 2
26 2
24 2
25 2
26 1
26 1
19 402
27 1
24 8
27 1
18 575
19 262
23 10
19 57
22 27
21 17
19 182
26 2
22 27
25 5
20 34
23 17
18 505
23 8
25 1
18 90
23 5
25 7
26 1
24 6
18 808
21 44
21 60
21 9
23 18
23 15
22 19
19 66
22 12
24 1
23 2
25 7
27 1
20 47
24 1
27 1
20 82
19 88
19 244
21 35
26 2
20 91
20 147
24 2
18 470
22 14
21 84
20 41
22 15
25 2
22 27
22 23
22 30
21 45
20 108
20 27
26 1
24 7
20 122
22 38
26 3
20 94
20 7
21 75
21 16
23 8
27 1
27 1
21 79
23 7
19 35
22 16
20 171
22 20
27 1
19 73
27 1
24 5
22 17
20 188
20 115
22 30
22 8
24 6
26 3
27 1
19 250
19 141
27 1
20 173
21 33
27 1
23 19
27 1
22 35
19 275
18 336
27 1
19 309
18 136
26 3
25 7
25 2
21 92
26 1
22 18
27 1
20 150
21 46
27 1
26 3
26 1
18 282
26 1
26 2
18 584
22 29
21 91
20 113
19 321
27 1
20 10
18 164
25 6
21 11
23 4
19 410
22 12
21 58
21 54
24 9
24 10
22 39
19 219
24 1
21 14
23 13
24 5
20 37
24 8
20 118
25 5
27 1
23 5
26 3
18 63
21 37
21 51
21 12
18 137
22 20
22 19
23 2
26 2
20 51
20 57
19 330
22 15
20 141
23 19
22 38
25 5
20 35
19 309
23 3
22 17
26 3
25 6
24 4
22 11
26 3
22 5
20 93
24 5
26 3
18 233
19 16
24 4
24 6
18 30
25 4
19 330
27 1
24 8
27 1
20 151
23 1
22 22
22 2
23 18
22 23
20 171
24 10
20 3
18 765
18 34
19 152
27 1
25 5
21 46
19 238
20 100
25 5
20 178
19 232
27 1
20 154
27 1
25 1
23 16
25 1
25 7
18 665
22 14
23 11
27 1
23 13
19 228
27 1
21 5
26 2
18 292
26 2
21 32
18 342
22 12
21 2
21 91
19 63
18 532
18 358
19 162
19 246
27 1
24 6
22 30
25 2
24 8
26 3
18 524
18 602
18 529
21 47
21 17
26 3
27 1
20 51
23 1
22 38
26 2
23 16
21 86
23 9
27 1
27 1
23 13
18 104
25 7
25 4
27 1
24 5
22 31
26 1
24 9
24 10
22 27
25 3
23 2
27 1
24 6
22 32
22 18
19 238
19 88
21 47
20 38
27 1
21 20
18 402
26 1
22 24
23 4
25 1
24 2
22 31
23 14
18 448
25 1
24 6
25 3
26 2
27 1
18 620
24 1
25 2
23 9
18 67
25 7
24 2
26 2
19 317
18 752
20 169
20 90
25 1
22 27
23 15
18 274
27 1
27 1
19 263
23 15
20 80
20 76
22 10
21 33
27 1
21 71
24 7
19 204
21 95
22 22
21 78
23 11
27 1
24 8
23 16
24 3
26 3
19 330
24 4
27 1
25 1
26 3
22 10
24 6
21 97
24 9
23 16
21 35
21 52
19 249
20 129
18 625
25 3
26 3
19 332
24 3
23 6
23 15
19 130
21 2
18 420
26 1
21 22
25 2
24 4
24 10
25 4
25 2
25 3
27 1
22 3
25 2
26 3
18 579
25 1
23 18
21 96
22 38
23 17
21 75
19 50
19 177
25 5
22 22
20 142
22 24
26 1
22 40
25 5
21 57
25 2
19 198
19 197
18 67
18 125
22 15
22 35
24 6
22 25
23 19
25 1
25 5
18 809
22 35
25 3
23 19
18 577
23 14
21 83
26 1
26 1
24 8
22 5
24 4
27 1
27 1
26 1
22 22
25 1
20 155
21 1
24 6
27 1
22 4
24 4
26 2
22 31
23 18
27 1
27 1
18 581
25 2
24 3
23 18
21 88
26 1
18 75
22 6
25 7
20 101
25 1
18 521
25 4
25 7
24 10
23 3
23 6
23 13
26 3
24 4
27 1
18 804
21 32
23 8
18 255
27 1
20 196
20 171
24 3
22 23
23 4
22 31
25 6
19 368
22 7
18 699
23 13
24 3
22 8
27 1
21 61
18 419
24 8
27 1
26 1
18 498
24 8
26 1
19 273
26 2
25 3
19 177
26 2
20 39
26 1
22 40
22 31
27 1
22 32
19 198
23 12
19 406
23 15
23 3
24 6
21 89
25 6
20 141
18 49
19 347
25 1
26 1
26 3
27 1
19 338
22 37
26 2
24 4
25 6
25 4
19 341
20 88
25 6
18 35
22 36
25 2
27 1
20 151
23 14
18 94
20 80
22 14
21 89
23 9
20 200
19 172
20 198
18 199
21 49
23 14
21 19
27 1
25 3
21 73
22 6
27 1
22 36
27 1
25 2
27 1
20 107
21 4
19 192
23 7
24 8
21 19
27 1
27 1
22 3
25 5
24 7
18 424
20 184
19 149
18 202
23 11
20 170
25 2
22 36
19 170
21 81
21 75
27 1
20 200
20 81
19 319
19 177
21 60
26 2
22 40
21 21
23 15
26 1
20 123
20 19
24 3
19 222
20 122
25 1
24 4
23 9
23 8
21 15
24 8
27 1
21 53
23 11
23 8
27 1
27 1
27 1
22 11
25 6
26 2
18 537
24 6
20 181
23 3
19 398
19 244
26 3
20 132
20 168
19 337
18 450
25 4
23 9
25 4
18 461
26 2
24 8
22 10
21 67
25 1
23 5
20 194
24 2
26 3
21 45
21 48
22 25
23 8
24 6
23 15
27 1
22 31
22 33
21 79
27 1
20 2
24 5
23 8
20 47
23 16
24 7
20 35
26 2
23 12
25 1
23 9
22 8
20 97
21 4
21 5
26 3
24 4
19 226
19 93
21 94
24 9
20 105
20 12
24 6
19 87
26 3
19 30
24 10
24 10
19 404
19 12
26 2
26 2
25 7
24 5
20 117
25 4
27 1
21 12
23 10
24 9
20 138
22 1
26 2
20 178
23 2
23 8
26 1
23 2
19 247
22 30
20 176
21 2
20 33
27 1
23 10
20 64
19 105
25 5
21 46
22 24
19 332
27 1
19 295
23 5
20 69
21 64
22 33
20 194
20 32
26 2
20 24
22 11
26 2
27 1
20 178
20 152
24 9
27 1
23 15
25 7
19 27
19 152
26 1
25 5
22 39
26 3
25 4
23 19
20 169
25 2
24 2
23 10
22 13
23 8
26 2
18 676
27 1
26 3
27 1
22 21
19 321
23 19
19 394
24 7
24 5
19 324
24 6
19 51
26 3
19 305
27 1
21 33
22 30
26 2
18 12
26 1
27 1
23 19
23 6
24 9
25 5
21 25
19 18
27 1
23 6
21 60
24 8
19 195
19 273
23 10
24 6
23 19
23 17
20 43
20 164
21 4
22 17
23 14
26 1
26 2
20 177
18 383
20 164
24 3
21 1
22 33
20 197
21 80
25 4
23 15
22 22
20 100
24 6
22 1
23 7
27 1
26 1
24 7
24 5
25 6
25 1
19 255
25 7
22 38
20 168
26 3
25 6
19 248
21 32
20 30
21 16
27 1
20 77
25 5
21 14
18 222
20 104
26 2
24 3
24 5
18 654
23 14
24 3
19 77
22 10
23 12
19 238
18 26
19 65
25 7
20 138
25 1
19 352
