5000
12 1730
15 1262
18 395
13 20768
26 3
15 4998
21 21
22 6
25 3
23 13
12 25091
20 108
16 2518
25 6
12 4953
22 14
15 5077
15 2617
20 200
22 12
20 150
20 93
15 956
26 1
25 4
26 3
20 82
21 25
18 384
19 230
24 8
21 72
17 1424
27 1
24 1
20 123
20 60
26 1
18 176
25 2
20 35
20 190
27 1
23 12
21 51
26 3
24 8
27 1
27 1
25 3
23 16
16 2995
17 164
24 1
21 36
13 6319
18 558
13 5381
24 8
19 22
18 39
22 13
20 32
18 272
20 177
18 328
24 4
19 122
20 189
24 8
16 2890
12 25474
12 14054
12 15488
20 31
17 367
17 17
16 27
21 83
16 162
21 85
14 11979
20 188
19 311
20 138
16 1185
13 7083
16 2748
25 5
27 1
21 96
26 1
25 4
14 3848
18 95
14 8597
21 57
21 59
18 134
25 5
26 3
26 3
17 875
15 3203
18 596
16 671
22 22
20 109
18 287
25 6
20 180
21 72
12 15999
15 3130
27 1
13 1200
13 4781
12 22243
22 20
18 584
14 1682
21 69
13 3415
24 3
21 66
24 7
18 105
27 1
19 284
20 162
22 36
23 13
21 18
16 428
19 64
17 679
22 14
16 380
18 604
13 3054
25 3
21 37
21 46
25 2
17 1424
12 30622
27 1
15 3799
27 1
12 16279
17 1234
21 59
17 553
26 2
13 13897
13 1232
23 14
23 16
20 137
23 16
15 6082
15 4209
19 91
12 22406
23 19
25 2
23 6
20 9
23 18
12 15085
23 14
15 5073
22 23
22 4
23 5
13 15828
20 59
20 81
21 21
24 6
15 4633
15 3659
14 726
23 5
17 435
12 26152
24 4
27 1
14 6607
25 5
23 9
19 125
25 3
21 27
26 2
26 1
14 7193
23 13
13 1138
22 1
22 26
19 298
23 16
24 5
24 1
26 1
27 1
17 795
21 18
25 5
25 2
26 1
25 5
23 17
13 14767
24 2
15 1701
25 6
12 11920
16 1744
12 324
16 2711
12 17220
15 4667
16 1365
23 13
27 1
15 4892
26 2
24 5
21 28
23 8
19 142
22 14
16 2684
26 3
16 1887
18 640
17 782
21 35
19 191
24 3
23 2
19 207
25 2
18 285
13 23341
26 2
27 1
18 731
26 3
13 24942
15 1086
25 3
19 12
26 1
22 6
21 70
22 39
12 20788
13 118
12 26674
14 1495
25 1
14 6980
21 88
19 212
18 300
14 562
14 11804
25 6
24 10
15 6020
20 121
14 11290
19 293
14 10236
16 1658
15 3741
27 1
21 68
22 15
18 728
18 548
24 8
23 8
27 1
22 15
25 3
14 11109
26 1
17 405
21 21
21 1
25 2
26 3
23 10
15 1011
16 297
19 266
18 343
13 1141
18 2
27 1
25 4
12 24839
16 2357
12 12603
25 3
19 332
19 171
12 22199
12 15304
23 2
20 94
14 11340
22 19
24 5
22 17
17 1149
25 3
20 18
24 5
13 15938
19 173
17 189
22 23
27 1
13 5857
21 28
22 11
12 1510
12 26849
17 1582
14 1775
14 4153
17 99
15 4761
27 1
12 25409
26 2
25 2
25 1
13 16606
17 1473
19 397
15 638
19 310
27 1
14 3504
18 104
27 1
24 7
21 58
16 187
17 1411
23 2
17 54
20 188
27 1
17 1152
23 18
23 19
12 24763
27 1
24 2
27 1
17 120
22 31
14 4039
15 4433
20 83
17 142
19 377
16 1638
14 5589
20 28
27 1
20 13
15 2478
21 1
22 23
16 1060
22 7
20 75
18 13
17 489
13 15084
17 239
21 39
20 174
12 6290
19 167
21 94
17 696
20 174
16 2772
18 766
25 2
19 354
26 2
25 6
14 4363
20 193
13 12516
17 55
25 4
14 6107
21 78
15 6270
19 89
18 442
20 26
19 244
15 4838
16 1254
14 7012
26 3
13 19053
17 1574
16 668
13 3804
22 1
12 7672
18 337
15 5113
20 98
19 402
27 1
17 1217
26 2
21 11
27 1
15 3746
22 16
12 22655
16 836
18 420
20 16
14 6025
19 395
14 11904
12 7097
14 11294
26 1
19 164
17 1383
26 3
22 6
15 1384
18 420
12 6451
21 92
24 7
26 3
12 19404
15 458
20 112
18 248
27 1
27 1
19 191
12 9086
23 13
25 1
17 240
24 1
27 1
24 2
23 9
17 1203
14 2246
15 711
25 1
14 278
17 245
21 41
24 9
20 43
20 173
12 19764
15 820
16 873
16 1860
16 819
23 13
16 895
12 1104
26 3
21 8
25 6
26 1
17 1455
25 1
16 1090
24 8
22 16
15 3990
19 117
18 583
21 14
16 1765
15 1115
13 712
25 1
16 43
26 1
12 1299
23 13
15 3382
24 5
13 7497
15 6274
27 1
25 5
27 1
16 3130
26 3
23 8
27 1
19 156
18 231
26 2
17 425
13 2994
19 282
22 21
26 1
16 2436
25 3
25 6
17 1219
25 1
13 20342
15 6134
13 20363
17 447
19 74
16 2231
15 4554
13 15243
27 1
15 5994
22 25
16 2331
18 263
27 1
13 3347
22 10
17 27
16 1006
26 1
26 3
26 2
21 54
15 3460
15 230
16 2008
13 16680
27 1
24 9
14 10416
24 9
24 8
18 209
13 20220
17 1130
12 21661
22 6
17 144
16 2469
25 3
26 1
26 3
23 12
15 157
15 2498
22 7
23 9
24 9
19 59
27 1
27 1
25 3
14 3973
15 1943
25 6
22 4
22 34
17 370
22 33
12 31281
14 1479
16 249
17 618
22 38
17 1350
17 1321
21 26
26 2
25 5
27 1
25 3
12 14449
12 13570
14 4481
17 1489
24 9
12 21607
21 84
13 11661
26 3
20 37
25 4
23 1
24 9
16 2805
15 1162
24 8
20 97
20 60
22 4
17 1488
12 27064
17 1434
13 22859
20 189
12 2493
21 37
25 2
26 2
25 5
26 3
17 1276
12 15993
22 28
20 159
20 13
13 17281
17 793
22 27
15 2379
13 2249
20 2
12 14145
27 1
22 33
22 33
16 1252
26 3
16 2385
26 2
23 2
15 2881
14 5931
13 2494
18 530
21 96
16 896
26 1
16 2791
21 67
17 1523
23 3
25 1
19 284
25 7
23 14
18 483
15 2494
27 1
25 4
14 8049
22 31
22 18
22 2
25 5
16 1792
22 22
20 33
13 18513
18 285
17 1313
23 1
15 3573
12 13086
12 8330
13 3203
17 289
26 2
22 17
15 4975
16 174
20 108
26 1
21 25
21 39
16 3077
16 2765
17 456
22 30
13 5676
26 3
17 808
20 75
24 5
25 3
15 6285
12 31116
26 3
23 14
18 736
24 4
21 91
13 12386
13 549
14 6150
12 3204
13 10391
13 86
14 6062
26 2
22 38
13 3903
22 15
24 6
21 96
19 346
15 3576
25 5
16 571
18 809
15 3276
15 2125
27 1
24 6
23 2
22 3
22 35
16 566
21 77
23 9
27 1
16 131
17 318
20 185
18 306
26 3
18 416
16 2997
15 4410
12 17228
24 8
22 19
16 1184
18 72
17 1439
15 527
17 954
17 806
23 13
14 3907
26 3
27 1
14 921
21 16
14 7256
16 2881
25 1
16 1797
12 29980
25 6
19 274
23 18
16 1467
13 4369
24 3
15 3217
17 75
15 4316
12 26136
24 5
18 469
12 7119
16 1653
14 680
19 321
15 2408
19 162
25 6
15 913
14 11296
13 24797
15 3854
14 7391
12 13536
19 236
15 3553
19 273
23 9
24 2
22 27
13 18762
26 3
24 1
12 22550
23 14
26 2
13 22980
22 39
26 1
27 1
12 3557
19 331
24 4
27 1
22 28
17 81
16 1898
19 227
26 3
24 1
15 1173
27 1
16 1226
27 1
12 20629
21 81
14 2202
12 14895
25 2
14 4135
21 93
23 2
23 3
18 357
18 597
20 190
16 2154
23 11
15 994
24 9
12 15653
16 1314
17 1154
18 692
15 6191
26 2
26 3
16 2058
23 18
15 2427
23 6
26 3
17 1150
24 2
17 863
19 14
19 348
21 48
14 6632
13 24855
17 40
21 78
15 4516
20 190
26 3
19 105
18 14
16 2377
26 3
20 54
15 5877
22 10
24 4
12 6508
12 20369
21 90
24 10
24 3
12 15846
27 1
24 6
20 194
26 3
16 2644
20 185
20 113
16 2006
23 17
20 180
13 10097
20 157
18 465
27 1
27 1
23 13
13 14304
24 9
26 2
23 10
16 1269
23 5
16 1244
13 12683
16 1214
14 9941
16 1592
13 25073
12 24323
19 259
23 16
27 1
18 451
18 660
15 236
18 92
25 5
25 3
17 969
13 1087
23 19
15 3923
13 7091
16 2441
27 1
23 2
18 627
13 22991
18 679
15 5606
26 2
18 234
20 27
21 81
13 1400
24 8
21 17
14 10171
27 1
20 180
23 1
15 651
21 61
24 6
20 55
23 19
19 94
16 2759
23 4
16 665
13 11420
23 5
18 701
20 83
20 93
18 470
23 8
20 159
24 8
17 965
18 503
16 2740
18 723
19 175
27 1
20 26
25 6
17 1273
22 11
24 9
15 3987
17 1396
21 47
13 21249
18 376
18 74
19 15
21 8
14 8836
20 52
24 7
25 1
24 2
15 5575
26 3
18 134
19 142
25 3
23 9
19 381
13 22148
19 51
14 5044
27 1
17 716
26 2
22 2
22 18
20 170
24 5
20 35
27 1
26 1
19 130
23 7
13 2382
16 1051
27 1
13 12055
12 17541
17 498
14 926
13 23473
19 270
20 140
21 31
12 7612
26 2
26 3
22 40
27 1
20 43
19 198
18 128
22 6
16 590
24 7
23 11
21 37
25 4
16 478
13 12032
12 30934
24 4
13 5271
27 1
13 18936
15 4720
13 972
17 1053
18 208
14 11990
12 29871
13 10839
22 24
16 1742
15 788
25 2
27 1
12 24193
25 7
25 1
19 193
22 29
24 4
15 2210
26 2
14 7343
22 24
25 5
23 14
14 1174
27 1
16 1773
17 129
15 1611
23 18
24 9
22 25
18 549
27 1
21 30
20 161
25 2
15 3753
18 595
18 810
13 2462
26 3
26 3
21 45
24 3
16 2960
18 614
14 5573
27 1
13 784
26 1
25 4
22 35
13 14521
17 1440
14 2154
21 80
22 38
16 1381
17 457
15 2341
26 2
12 31098
19 48
24 2
23 17
23 16
17 394
14 3306
25 7
13 4017
18 537
13 11516
21 99
25 4
12 27465
13 11950
14 6624
16 1823
13 1071
17 1199
18 278
19 234
20 33
24 6
27 1
15 663
24 5
14 5413
16 3093
14 9859
13 5384
25 5
20 46
21 39
20 64
14 4015
20 47
22 29
26 1
12 21626
27 1
14 6265
22 1
14 11367
16 1397
22 9
14 5709
12 30952
20 32
20 202
16 3020
25 6
22 40
25 2
27 1
19 267
17 877
18 626
22 2
24 8
27 1
26 3
21 4
13 952
22 31
20 65
25 6
23 17
16 2667
19 294
15 4804
21 75
21 14
20 29
14 2982
18 424
26 3
17 173
27 1
21 73
18 12
14 2896
23 14
18 707
26 1
13 6358
13 1469
25 1
15 3172
12 24429
23 19
20 41
21 2
19 189
24 4
27 1
15 4380
25 2
18 148
18 334
12 23154
14 4736
15 5204
23 16
23 7
16 2258
25 6
23 8
20 192
25 3
21 96
24 4
23 3
13 3548
17 777
14 5372
14 3211
15 6172
12 14030
24 2
20 111
27 1
12 18376
18 734
15 2372
26 2
24 1
19 74
17 1308
19 143
14 8282
14 8891
24 5
23 8
27 1
19 344
16 556
18 746
25 3
13 23969
14 8028
15 5042
26 2
20 201
20 201
19 63
15 1904
27 1
18 657
14 6765
22 25
17 44
17 1297
15 2531
22 8
17 1049
25 4
15 4284
19 125
20 161
26 2
20 168
14 8239
12 14002
20 83
13 3047
19 262
25 3
17 1212
26 2
27 1
22 31
23 5
19 400
27 1
26 1
25 7
14 12392
17 579
25 5
22 10
12 28057
12 26327
19 368
22 11
26 2
18 587
18 147
18 16
18 325
26 3
15 634
27 1
26 3
18 382
12 8062
15 4289
17 707
23 11
24 10
26 3
23 4
18 83
16 1234
17 1055
21 68
23 7
26 2
22 38
15 2279
23 14
26 1
25 7
23 10
13 12881
15 4300
19 338
26 2
19 148
21 40
27 1
19 322
12 8467
20 162
19 165
21 51
25 1
13 3424
26 3
19 397
22 31
17 448
26 2
27 1
13 23490
12 25859
26 3
20 29
16 494
20 4
27 1
21 89
16 3116
12 12492
12 21511
16 1632
27 1
21 55
24 1
16 1428
23 15
26 3
20 155
17 518
26 3
18 749
20 135
23 9
20 157
16 328
21 23
19 276
18 107
20 122
19 128
19 408
27 1
25 6
18 695
17 1021
20 31
23 18
23 19
18 746
13 24087
16 2894
15 2068
22 31
20 134
21 49
20 132
12 25949
15 3902
17 80
13 5040
13 4029
20 97
26 2
12 2396
14 343
19 129
21 87
16 1376
17 1337
25 1
17 1365
19 118
18 705
13 76
25 6
27 1
12 22995
20 146
20 194
27 1
20 5
14 6720
22 12
17 909
26 2
25 1
15 5211
24 9
14 2496
27 1
25 6
21 54
23 14
26 2
12 19407
12 24017
27 1
22 32
12 6147
26 2
12 5779
27 1
23 9
27 1
23 15
18 782
26 3
19 397
21 50
15 803
27 1
23 8
12 914
19 3
14 1560
19 238
13 3628
25 5
18 539
19 317
21 70
27 1
19 71
13 9244
14 6661
12 29125
24 5
20 21
14 9790
13 10377
20 14
20 20
21 37
26 3
23 7
26 1
17 197
12 15108
13 10810
27 1
27 1
23 15
27 1
26 2
25 5
27 1
23 5
21 31
12 20745
21 11
15 1516
23 18
18 307
14 1207
15 5670
21 93
19 391
25 2
13 1387
19 156
22 29
23 12
15 6085
14 5076
27 1
20 159
17 959
17 85
17 62
25 1
17 909
19 14
15 2810
26 3
22 20
21 49
13 21711
23 2
18 735
23 13
26 3
14 4432
22 4
18 464
21 74
21 14
12 15092
13 13892
22 7
18 803
13 4261
26 3
20 139
21 91
26 1
24 6
16 1049
26 2
21 14
17 681
22 22
26 3
24 5
27 1
17 1094
25 5
26 1
25 2
22 15
23 3
15 2640
24 9
21 70
17 40
23 17
21 72
13 16033
16 2098
12 431
20 132
23 8
23 13
22 31
25 5
24 3
23 11
24 8
17 1085
18 86
12 32410
18 234
23 16
18 642
15 3109
16 499
18 163
17 186
20 142
24 10
19 16
20 68
27 1
14 493
26 3
14 5006
17 332
17 306
16 1666
12 15609
14 6021
13 5487
27 1
22 7
23 3
24 2
16 1377
18 573
12 14779
24 10
26 2
18 208
25 3
26 3
22 1
19 165
23 11
26 1
25 5
14 103
26 2
15 4533
22 10
25 4
18 207
14 6939
27 1
21 48
12 1611
21 81
18 790
16 1398
17 473
15 5749
18 454
18 582
20 96
21 42
14 71
18 703
21 7
25 1
19 377
16 2409
18 13
27 1
12 12393
26 3
19 329
21 70
16 708
25 1
12 27898
17 1579
16 1680
19 277
13 2781
16 865
27 1
26 1
19 131
19 320
12 3708
25 6
23 2
20 201
25 4
12 27012
12 16339
27 1
20 156
23 13
18 568
12 9918
12 21766
27 1
23 19
21 93
26 2
22 34
19 236
19 330
22 23
18 512
26 3
12 8343
18 480
19 320
12 13856
20 41
12 23625
12 5126
22 11
26 2
14 3847
25 7
17 848
26 1
15 5529
20 158
15 263
27 1
18 479
18 586
19 53
16 2961
20 182
20 163
24 3
26 1
16 2429
25 3
23 1
18 516
13 9119
25 7
20 147
17 281
12 11979
25 3
15 6311
25 7
12 31567
12 14803
21 23
12 27122
24 5
14 7166
14 11921
18 629
22 13
25 5
15 8
21 83
24 7
18 40
24 10
23 7
12 10145
27 1
21 8
24 4
14 2751
17 388
14 2133
19 313
19 366
13 216
25 1
15 6204
13 9797
21 30
21 71
17 1502
12 5684
26 1
15 4744
23 16
25 1
25 1
15 2104
12 9278
12 24419
12 32540
26 1
24 5
21 2
25 1
16 33
15 57
20 60
16 88
13 5819
16 1223
19 250
15 6257
25 6
21 56
24 10
15 5266
26 2
24 6
23 1
22 4
15 5049
26 3
12 16184
21 44
21 95
27 1
19 1
26 3
20 35
23 12
17 659
13 20044
17 1472
22 2
26 1
21 14
12 19704
25 1
12 11834
18 330
17 468
17 1527
16 2640
19 22
24 1
26 1
14 1380
15 4949
23 11
26 1
24 9
13 2692
13 17655
21 57
27 1
15 5996
23 6
26 3
20 99
17 1189
13 20613
21 1
23 19
12 3558
20 81
13 6218
23 5
23 15
12 31101
21 66
19 245
19 164
16 266
13 8636
21 47
12 11740
27 1
16 1593
19 397
13 15278
16 1
22 14
16 581
26 3
15 2667
17 282
27 1
22 28
21 29
18 249
12 17098
13 7269
26 2
20 77
12 8483
25 2
18 397
13 15291
12 17057
15 1035
15 342
18 565
26 2
16 1943
12 21783
18 180
18 621
27 1
17 19
24 6
24 9
24 9
20 25
27 1
17 393
13 6510
20 112
16 1084
26 1
27 1
14 11089
20 12
13 6030
15 719
26 3
21 16
17 1031
19 210
13 15242
24 4
24 1
12 30947
22 39
17 292
17 249
12 10971
19 56
17 1340
22 6
16 1812
12 15956
18 577
13 15950
17 389
20 79
27 1
25 4
21 92
13 13910
16 2442
24 3
13 24372
19 241
16 1192
21 2
23 10
14 6792
23 8
21 10
27 1
19 91
12 5217
12 12429
15 1838
17 315
18 141
24 3
22 12
22 40
26 3
18 609
27 1
26 3
13 12113
18 320
24 9
16 2869
20 53
25 2
19 376
26 3
18 496
23 8
13 6194
20 52
22 28
21 80
20 144
22 11
27 1
26 1
17 321
21 45
26 2
24 5
24 10
16 1996
21 30
14 5795
13 1511
21 1
12 7326
22 32
27 1
27 1
26 3
22 27
13 944
24 9
23 12
17 1532
23 5
27 1
21 72
21 58
12 7113
17 1561
21 11
13 3599
23 19
18 516
17 628
14 7271
20 127
18 571
18 785
12 2389
23 2
19 73
26 2
20 45
18 303
15 828
24 1
17 1353
17 121
17 24
25 5
26 1
15 4010
27 1
19 366
16 478
17 1482
15 1170
26 3
19 64
23 19
25 2
14 2975
12 9186
17 715
17 699
25 7
18 350
21 60
27 1
19 100
23 5
12 8422
25 5
16 635
26 1
20 163
21 21
14 5911
21 45
13 14253
26 1
26 1
14 422
15 6023
26 3
26 1
24 5
16 1683
23 3
18 525
17 1370
17 825
13 20190
17 682
19 259
15 2052
20 124
19 55
22 38
20 107
16 482
14 8614
26 2
22 1
19 389
24 6
15 1687
21 81
23 4
14 1036
16 115
15 2508
23 7
12 12034
17 594
13 4986
21 72
26 3
23 16
21 97
19 341
26 3
14 12060
24 2
13 23619
13 24295
18 421
20 83
27 1
14 550
25 6
17 193
17 1153
19 143
21 6
22 14
16 474
17 872
21 86
19 65
21 14
23 3
19 276
22 11
24 6
16 2460
21 5
25 1
12 28224
20 16
13 508
16 2595
19 245
21 92
27 1
13 10531
24 10
20 121
25 5
14 634
21 43
27 1
12 16876
12 31241
14 1359
18 353
24 7
12 6028
18 524
13 22888
26 1
15 5045
15 3964
26 2
13 21543
19 259
12 16856
22 2
24 3
18 632
14 2757
23 17
12 23053
17 826
22 12
17 3
24 2
16 376
16 2437
20 24
23 6
14 5063
20 84
26 2
15 730
20 179
22 21
27 1
18 70
23 4
23 3
26 2
15 6186
25 7
20 200
23 19
15 1271
22 13
20 176
14 8615
26 3
25 3
12 491
21 48
18 409
23 14
13 13486
15 177
21 61
17 1573
19 130
13 4268
13 9103
20 100
22 5
26 3
18 240
26 1
26 2
13 1804
20 69
24 4
16 2930
25 7
19 395
16 302
21 54
14 672
25 3
15 1684
16 2634
23 5
13 16859
14 2211
22 30
12 13703
16 1693
19 265
24 8
15 2116
18 109
15 4297
18 684
17 342
27 1
15 723
27 1
12 790
20 35
14 8831
26 1
25 4
14 4057
15 2478
13 25405
26 1
24 9
21 83
18 281
14 8157
27 1
13 2732
16 1299
18 412
15 3396
17 288
12 3044
13 7638
22 26
21 80
23 13
17 1253
14 669
27 1
12 2058
14 3723
17 1136
17 1108
21 76
16 865
22 23
15 741
21 47
15 3567
16 282
12 11121
13 13123
12 6330
12 29712
24 10
26 3
25 6
21 84
18 600
19 112
15 3203
17 32
17 1348
13 6379
23 1
19 341
12 18153
25 6
20 176
26 2
21 87
19 366
21 47
15 5903
24 9
18 25
22 37
24 3
15 2982
13 16277
14 39
25 6
14 10367
18 355
16 49
16 1363
25 2
14 8104
13 2513
22 27
27 1
26 2
14 5778
19 270
15 4248
27 1
12 3261
25 1
26 2
15 6005
25 4
22 5
12 11678
21 70
22 28
20 166
21 56
19 262
14 11898
26 2
12 17206
16 2957
23 4
26 2
23 11
26 2
22 34
19 239
23 1
14 5965
26 3
15 5205
27 1
21 46
14 1555
21 16
27 1
19 315
26 2
22 40
13 15813
25 4
16 1993
17 1450
18 538
19 192
17 59
17 910
23 16
24 3
23 15
27 1
22 20
14 2454
26 1
19 47
21 77
21 9
14 2262
23 19
20 57
26 2
18 648
16 613
17 355
20 51
16 1990
22 31
21 37
24 2
18 376
27 1
22 4
23 2
25 2
12 5475
21 98
12 17982
21 53
21 45
15 1068
17 792
18 658
12 16005
15 6254
25 2
23 7
20 26
24 1
21 42
24 10
26 2
14 1620
17 584
19 105
25 2
12 26232
22 8
20 3
23 10
12 11193
25 3
19 219
23 6
20 45
24 4
19 180
23 14
22 17
17 819
19 152
18 272
13 1412
13 11774
15 5173
13 15341
21 79
15 270
14 1330
12 20056
18 483
24 3
19 204
13 16172
21 5
21 6
14 7449
25 1
13 6374
13 11655
26 2
24 4
17 1063
21 57
14 2730
27 1
25 2
13 1508
15 2792
18 599
20 105
19 241
27 1
22 9
17 820
13 4081
13 9252
14 6493
25 6
17 952
14 3335
12 3837
17 1441
15 3655
16 3010
15 5000
27 1
20 40
18 525
17 819
19 403
23 18
17 1562
24 3
20 41
13 87
20 4
23 13
19 52
22 30
13 21016
12 7043
17 229
15 694
12 28080
18 387
27 1
17 775
14 4771
14 3594
27 1
15 5406
24 6
20 116
22 11
26 3
14 6740
18 56
14 11898
14 7542
17 20
17 393
16 829
20 114
26 1
25 1
21 88
16 2385
18 301
27 1
19 309
19 261
12 7268
23 2
27 1
24 1
24 5
22 18
26 3
24 9
16 776
15 884
26 2
24 8
12 4234
20 116
17 1568
24 2
15 5005
20 124
15 1674
21 25
25 1
24 1
18 421
22 1
21 69
25 2
19 292
16 1184
27 1
23 16
24 3
19 311
14 1253
17 79
18 630
12 9783
13 23723
17 59
15 6316
20 168
19 259
15 5400
24 1
14 2554
25 4
27 1
17 712
27 1
17 1055
22 2
13 6049
23 2
27 1
24 8
26 2
27 1
18 744
24 6
15 1607
27 1
13 1913
26 2
20 136
23 2
17 787
26 2
24 9
12 12204
12 17541
20 178
26 3
19 116
25 7
14 9528
19 61
15 521
16 918
26 2
23 9
17 1055
21 26
23 5
26 3
21 94
23 16
15 5468
23 3
20 170
16 1661
24 10
25 4
18 14
26 1
21 14
21 86
15 1772
22 38
20 89
27 1
24 5
20 5
15 643
26 3
22 14
16 2013
14 3708
27 1
12 5156
17 544
17 1075
19 181
26 2
27 1
24 1
20 38
15 4780
12 13938
14 4868
27 1
16 783
16 184
23 8
17 1466
20 185
15 1013
24 1
12 8214
27 1
12 22055
13 4478
12 26192
16 1805
22 31
18 8
17 36
12 30926
25 3
13 5870
18 736
20 79
12 6959
16 2998
21 13
24 7
18 204
26 3
12 29445
20 132
27 1
20 20
20 193
17 877
18 184
22 5
22 31
19 149
15 1169
18 740
24 10
26 3
21 69
22 29
27 1
19 262
18 210
12 1687
13 3561
22 10
20 68
12 24784
22 13
24 9
16 2652
22 22
13 810
25 3
27 1
26 1
18 29
21 13
20 106
19 82
19 78
21 22
22 7
21 8
25 4
13 10781
24 8
20 131
26 3
13 21966
15 623
15 1380
24 2
18 731
24 3
15 5386
14 1644
21 30
16 471
26 1
24 4
24 4
15 3422
20 143
26 1
14 4076
22 6
27 1
21 30
18 684
23 13
25 5
24 1
13 20485
27 1
20 157
26 2
19 81
27 1
14 2238
19 116
20 54
27 1
23 11
18 279
13 1544
24 6
25 3
22 15
22 36
15 1617
25 5
24 6
20 116
23 13
26 1
13 759
23 9
19 371
27 1
22 27
27 1
19 273
22 26
18 431
25 7
19 77
18 728
25 5
20 5
24 10
16 306
16 2712
15 5265
24 1
15 416
26 1
20 132
17 223
26 1
19 244
12 30498
15 1844
23 13
21 66
12 10477
24 7
24 8
22 30
19 159
18 702
27 1
21 12
15 4226
25 2
12 19640
18 322
24 9
27 1
16 1104
21 62
18 76
15 4050
26 1
20 164
13 1933
23 11
23 19
16 159
22 28
20 167
20 31
22 10
21 67
17 628
21 52
17 727
15 5244
20 110
13 12375
20 170
20 59
18 208
27 1
18 568
16 710
25 3
25 3
24 4
27 1
22 11
14 2869
15 2821
27 1
15 5481
27 1
13 55
15 3941
25 1
15 6194
20 13
20 104
17 137
21 12
15 4828
18 498
20 26
19 1
26 1
14 10110
25 6
26 3
24 8
24 10
20 186
27 1
12 11764
12 2300
19 359
14 10354
20 68
18 505
18 140
27 1
23 1
16 2895
25 3
20 69
12 7763
21 38
27 1
23 18
21 85
14 12542
23 17
14 7594
14 2218
19 98
25 3
16 2285
16 170
25 3
24 3
15 443
18 669
15 2104
23 17
26 1
21 18
19 23
22 25
27 1
21 11
13 24462
17 1269
25 5
13 15230
17 412
13 699
21 34
17 1263
15 3304
16 562
14 5057
20 2
20 88
24 7
15 4027
18 300
24 9
16 2533
13 19239
21 94
15 4611
17 320
12 6386
18 566
27 1
13 9535
25 7
27 1
23 13
20 53
16 2565
12 7945
27 1
16 1346
22 35
16 255
13 19744
27 1
13 4326
12 15772
12 25310
22 34
21 51
17 492
21 10
18 623
23 12
12 24223
16 2889
25 5
26 1
23 5
18 2
19 50
16 1402
23 7
26 2
20 174
24 9
14 5873
22 3
27 1
12 27361
25 1
14 1196
18 550
18 427
17 1457
21 89
18 793
13 21870
12 23354
13 5284
14 120
12 26139
27 1
18 398
22 15
23 1
12 18732
12 21808
20 30
23 18
23 7
16 3001
16 2232
12 9390
19 29
13 4192
13 1352
23 8
16 2444
17 96
27 1
16 186
12 18226
19 95
22 3
15 784
16 913
25 7
19 36
21 87
18 248
18 499
24 10
18 557
20 144
27 1
19 281
15 1190
17 605
12 564
16 2310
19 392
21 49
25 6
22 19
16 1866
20 127
20 142
24 9
21 44
15 4173
24 10
22 18
12 20683
20 172
13 6561
27 1
27 1
13 3090
25 4
14 8019
21 80
14 8106
27 1
20 68
24 7
26 1
15 1125
26 3
15 1939
13 6824
15 3096
14 1137
15 3046
16 1883
15 537
21 16
12 15174
26 3
14 8615
20 139
19 113
12 13809
26 3
26 1
16 2094
18 303
27 1
18 142
23 11
23 19
20 97
19 272
13 16827
16 847
23 14
17 543
14 5060
13 5212
16 2201
12 11000
22 17
14 10353
23 13
14 1246
27 1
26 3
16 3154
15 4341
15 4946
23 17
13 10334
18 49
17 239
23 17
24 4
24 5
27 1
22 33
12 4697
26 3
19 294
15 2336
27 1
17 1156
12 13870
23 16
23 17
16 1417
20 150
15 3880
12 13243
22 21
22 36
20 39
18 794
15 3895
23 8
17 568
13 14788
18 21
27 1
25 6
15 2089
18 81
15 1720
15 1176
18 651
15 624
14 7026
16 163
17 736
21 54
15 5369
21 9
14 3651
25 6
19 282
20 19
27 1
17 860
26 2
14 11545
20 127
27 1
12 31149
17 1448
17 286
18 765
18 368
21 60
22 3
15 6063
13 3306
17 375
20 25
20 162
12 31992
21 55
24 5
17 1194
25 7
15 1141
25 3
17 1077
26 3
25 1
13 6432
27 1
18 781
23 13
19 288
20 151
15 6192
27 1
23 11
25 7
27 1
19 338
19 183
23 9
13 23344
24 9
27 1
22 13
24 10
15 4621
14 8433
24 9
25 4
25 6
25 5
12 28174
27 1
21 85
22 14
15 2584
21 93
26 1
23 2
23 14
24 2
16 1851
14 9884
24 1
20 20
22 18
23 13
17 965
18 95
27 1
25 3
14 12266
24 6
24 5
27 1
22 3
26 2
18 246
27 1
13 17924
22 40
27 1
23 10
17 772
22 30
15 866
22 3
14 3744
16 1590
25 3
13 412
12 18843
23 2
14 10391
13 21038
14 1094
24 10
15 6097
18 52
19 349
16 1440
25 4
19 294
23 5
19 121
22 34
23 19
17 65
21 58
27 1
12 4005
20 116
19 63
26 3
16 2801
16 2419
24 7
16 2609
26 2
16 3047
26 3
22 1
15 2877
27 1
13 9288
18 12
16 521
22 19
13 268
21 63
25 6
15 2771
22 5
13 22579
17 1039
17 1498
13 3327
18 103
15 5982
21 62
22 25
26 2
17 1191
12 2749
15 63
23 6
20 132
24 8
18 223
22 15
18 92
19 118
21 4
17 358
13 101
20 195
26 1
12 1563
23 11
15 5400
17 1530
25 2
27 1
20 126
19 211
22 4
19 58
13 10165
24 7
27 1
18 608
18 296
16 1883
15 4216
25 1
23 6
27 1
18 657
21 43
26 3
19 109
19 157
13 19055
24 3
15 5358
25 7
22 32
23 17
16 2660
12 17655
17 938
27 1
21 21
27 1
25 7
19 250
25 3
21 30
24 7
27 1
18 50
19 153
17 1512
26 3
17 1540
26 3
22 33
19 333
23 1
27 1
17 1504
22 14
13 4622
21 79
12 17714
14 310
24 10
15 153
27 1
19 14
13 17417
17 1564
15 6076
24 10
25 2
27 1
20 156
12 2989
22 37
26 2
17 963
26 2
27 1
24 7
12 14554
27 1
27 1
26 1
22 38
17 536
19 253
17 292
25 5
12 8044
14 911
12 1167
15 3162
23 5
18 452
19 132
12 10676
25 4
18 279
12 4130
17 794
23 7
12 1230
24 3
25 1
14 6018
27 1
20 52
14 3184
12 14919
21 94
26 2
19 63
22 8
12 12828
16 416
25 5
17 776
14 8607
22 5
13 12693
27 1
22 22
26 3
22 25
17 622
27 1
21 72
25 2
25 6
15 1909
13 21746
23 8
23 3
16 2681
19 333
27 1
27 1
24 4
20 86
15 117
15 1095
14 5474
27 1
22 24
27 1
20 25
27 1
17 711
18 607
25 2
24 6
12 9832
20 138
23 18
13 22747
16 2945
13 12246
20 101
20 115
17 1489
19 322
19 281
19 376
16 1227
26 3
19 137
12 26803
24 7
17 1257
12 23039
27 1
19 185
19 129
23 8
25 4
20 141
25 6
21 98
13 17445
12 13736
21 98
20 152
23 19
23 19
23 18
15 885
22 3
14 2655
26 3
13 1278
17 1062
22 7
22 1
16 1223
16 2628
13 25238
14 4630
21 37
18 180
17 49
16 2747
24 6
22 27
27 1
26 3
15 3442
21 98
14 6450
17 753
13 3500
20 98
27 1
26 2
15 5578
21 33
14 9714
20 10
15 3386
20 36
16 2935
26 2
22 21
12 14435
21 19
19 349
20 36
18 152
14 221
19 260
24 7
23 2
22 35
26 1
12 29721
24 5
23 9
18 631
24 6
15 3512
20 113
19 232
13 15331
17 1340
14 10272
17 1129
25 7
16 1606
17 380
26 2
23 10
25 2
22 29
27 1
14 10091
21 94
17 335
26 1
15 1138
26 3
19 164
27 1
26 1
25 2
23 11
13 9728
24 1
15 1101
22 9
12 30970
16 1140
22 13
21 59
15 3301
20 139
20 145
20 122
25 4
19 372
25 3
16 1954
27 1
23 6
19 261
15 3775
14 10407
22 32
27 1
24 4
27 1
19 135
23 17
27 1
20 116
12 28187
25 1
19 288
26 1
12 20432
12 15556
26 1
24 2
24 2
12 15554
19 169
21 91
20 6
12 28951
15 1748
20 75
13 19040
16 1361
26 3
21 91
14 1485
19 140
13 2779
19 219
14 10004
15 2657
12 709
21 63
14 5222
27 1
23 10
15 2948
14 4519
22 27
27 1
17 1041
23 14
15 4470
17 318
21 50
16 1784
15 4140
12 9407
20 151
27 1
27 1
13 9299
16 2348
22 26
20 67
16 2379
24 1
13 6539
24 4
14 5109
25 5
21 76
17 1246
27 1
25 6
17 924
20 187
23 5
12 5322
15 3926
17 568
15 317
18 360
26 1
23 11
27 1
21 61
23 7
15 2455
16 1253
13 6341
26 1
14 1642
14 11981
13 17420
16 167
22 7
17 1269
22 30
20 149
20 147
18 648
17 440
13 5627
17 68
21 26
23 6
12 4488
19 35
27 1
27 1
16 2798
26 1
15 5485
12 27392
20 164
22 16
26 1
22 27
14 3762
14 3730
17 653
16 84
16 1991
24 10
20 76
13 3317
25 1
22 12
15 1452
13 14721
19 127
21 98
27 1
27 1
20 121
14 6960
12 22820
15 4986
14 5108
23 3
18 729
27 1
17 1177
17 1415
26 2
16 2475
23 12
26 1
12 32404
25 3
21 85
26 3
13 15971
12 14172
15 2478
24 6
13 17331
14 9496
18 130
20 78
24 5
14 202
25 1
12 16846
23 16
23 4
26 3
25 1
14 664
16 375
25 2
18 66
13 10702
13 3218
18 188
22 30
17 1131
14 12616
17 1010
20 147
18 346
13 4683
12 12789
20 118
21 97
18 148
21 49
13 15610
26 1
17 1146
26 1
15 5670
13 1771
24 4
23 2
25 4
23 7
20 128
17 1157
18 743
12 26862
27 1
27 1
18 666
12 28655
17 1381
19 135
24 4
20 96
21 18
19 157
19 237
12 2637
19 371
18 427
12 25905
25 2
18 766
19 253
24 6
27 1
22 17
19 380
24 10
14 9940
13 2294
13 4245
27 1
27 1
19 264
23 18
25 4
21 98
16 391
20 21
24 4
15 4908
23 4
19 259
24 9
19 165
23 16
13 17767
24 1
26 1
27 1
24 1
17 932
25 2
12 11331
24 9
25 3
15 2217
12 4137
27 1
15 4195
26 2
27 1
26 3
19 36
18 85
20 18
13 3092
13 22152
27 1
15 1856
22 31
19 265
21 18
14 8182
19 110
22 30
13 25073
18 572
14 1321
19 234
27 1
21 9
14 429
21 69
20 95
16 2389
22 32
15 4204
23 8
20 83
19 60
20 86
18 394
19 32
16 1058
17 1225
13 25429
23 6
19 118
15 3462
12 32493
23 9
15 1623
20 66
15 4357
23 3
19 324
18 366
19 166
23 15
23 19
20 49
16 758
17 251
20 17
22 37
27 1
13 7967
27 1
27 1
19 139
14 3452
26 1
23 4
22 37
21 33
13 22420
21 7
12 21270
27 1
25 1
15 3493
25 7
25 2
16 1562
12 4913
13 6662
18 223
18 470
27 1
21 46
21 63
24 3
27 1
25 1
14 7031
25 3
20 70
14 10386
20 105
24 2
13 4090
19 192
26 1
18 30
23 16
22 25
16 2118
18 158
14 10411
15 3992
17 533
14 4599
13 24654
17 496
21 50
25 1
24 4
15 5463
15 5603
17 1342
18 48
18 202
13 14460
17 138
23 11
21 53
13 7000
15 69
17 359
12 12195
20 157
12 19523
21 34
23 13
23 13
25 7
21 37
18 213
21 5
14 7316
13 5101
21 29
25 3
19 235
24 5
22 18
27 1
26 3
27 1
20 193
13 8190
16 996
23 16
12 4001
15 646
17 984
25 5
22 32
14 1418
19 187
27 1
22 15
15 3802
25 3
18 475
14 3815
23 5
16 1527
16 1303
25 6
20 140
19 172
18 300
15 3257
19 5
24 8
17 1434
22 32
26 1
18 486
19 243
13 10198
13 2715
15 4802
25 7
17 234
27 1
26 1
17 805
26 1
16 2430
24 10
19 297
12 27294
19 409
13 4573
22 37
25 3
24 4
22 38
26 2
12 3825
13 529
15 4941
13 3173
13 17934
14 12317
12 26801
24 1
18 535
19 373
18 468
17 740
26 3
15 3336
13 3302
26 3
18 496
17 811
26 2
14 5561
18 539
20 94
13 4690
25 1
14 2824
17 278
25 6
15 1982
24 7
26 2
13 6212
17 971
26 2
15 855
18 669
13 25540
15 1314
27 1
17 367
13 21890
26 1
22 2
26 2
21 17
26 1
18 301
12 14773
24 8
14 12120
16 2662
17 1445
18 279
13 7949
27 1
17 1022
12 4055
12 24678
25 4
12 18999
13 8494
26 1
15 2781
19 407
22 7
21 66
27 1
14 135
19 301
20 62
26 1
21 9
15 4301
13 5476
18 438
25 2
15 6102
15 2446
24 8
26 2
20 94
23 5
25 3
17 228
27 1
13 15632
18 170
21 51
14 3025
21 97
26 1
24 10
18 289
16 1997
21 84
25 3
25 2
27 1
17 1359
17 988
15 3345
14 7415
27 1
24 2
15 2568
12 8166
25 1
16 1607
14 12116
23 11
15 5337
23 15
13 4952
27 1
12 7334
24 9
25 2
16 63
12 18979
24 4
13 22850
26 2
22 34
27 1
12 32084
26 1
13 1196
14 985
25 7
13 12105
17 1489
12 17275
17 1082
27 1
13 18102
12 4180
13 8266
23 17
25 1
15 2669
19 380
19 20
24 4
21 61
20 199
27 1
24 10
23 5
14 4316
22 8
23 7
12 31270
25 6
27 1
27 1
22 27
12 27249
24 9
23 16
19 36
23 7
27 1
26 2
15 3788
24 3
27 1
17 361
15 2256
25 1
14 10046
19 313
22 38
14 8350
18 672
18 573
18 385
26 2
22 28
15 4476
14 11510
24 1
17 1483
20 2
15 6273
20 56
23 1
25 7
24 3
18 479
26 2
18 479
25 2
19 387
20 139
14 12428
26 2
22 30
16 927
23 12
18 545
18 476
16 617
22 29
21 42
15 259
22 11
14 4795
15 1753
12 3069
13 429
15 2082
12 30134
24 6
15 1383
19 121
18 5
12 3095
16 2848
18 566
19 308
13 4094
15 4934
15 121
13 2806
13 16405
26 3
27 1
12 4777
25 4
24 1
15 5145
21 58
25 4
14 5680
20 200
27 1
21 46
13 23725
13 4610
12 30884
13 22203
17 1069
25 1
18 93
14 4596
17 186
19 290
20 93
18 635
20 115
20 200
21 25
14 3912
24 7
14 8326
18 459
20 6
26 1
17 1208
22 28
17 534
20 148
24 3
24 3
14 513
24 3
27 1
25 4
17 830
24 5
12 23807
24 4
27 1
15 6181
12 20712
16 2390
26 1
23 7
22 9
23 18
22 31
19 176
16 650
15 1862
21 70
21 33
15 2204
22 27
26 1
23 8
18 442
24 2
16 2964
19 298
19 107
26 3
17 384
14 2505
12 22884
15 5086
19 348
22 12
14 1008
20 28
23 15
26 1
25 2
22 2
27 1
17 1566
26 3
25 3
23 8
15 1979
22 25
16 2914
18 174
21 76
17 1419
27 1
12 12011
16 959
12 24306
18 567
20 66
23 11
16 969
12 30354
17 1574
15 5548
22 25
12 32385
27 1
25 4
17 91
16 645
17 327
16 2257
17 687
19 154
18 789
14 5181
15 2333
27 1
23 8
22 18
21 43
26 1
21 70
25 7
22 27
14 4630
13 5512
20 152
16 239
19 259
14 3383
14 6928
15 5520
14 9116
15 5529
12 26031
27 1
17 1554
24 3
15 449
22 12
12 10249
25 2
18 489
17 762
24 10
15 1813
15 453
23 16
13 569
20 21
25 2
15 3740
27 1
13 19358
17 649
12 5570
18 183
12 4930
20 67
13 2433
12 16689
13 19363
25 1
15 187
15 1949
27 1
21 18
25 1
14 9115
27 1
25 2
13 773
24 6
14 3760
16 2327
12 30827
21 11
17 735
20 164
16 581
14 10949
14 11317
24 4
18 305
20 25
27 1
13 6833
19 214
21 43
24 1
16 495
21 33
13 25481
19 134
24 2
17 464
17 313
21 75
26 1
17 619
19 349
20 137
22 16
22 36
19 243
17 1300
26 2
16 2217
26 1
26 2
12 6999
27 1
15 3213
23 18
19 256
14 4910
20 198
15 3767
13 20725
13 15455
24 8
18 595
23 8
22 28
21 3
14 7831
26 1
21 40
18 778
12 12201
26 3
18 206
16 1512
19 86
24 7
16 3126
14 8182
18 339
15 4256
14 4302
23 19
24 8
25 5
24 7
16 2219
13 4370
25 6
21 15
13 2762
24 1
16 1716
24 10
27 1
25 7
26 1
17 1548
22 30
15 5627
16 1088
27 1
18 258
17 478
22 17
14 1738
20 52
23 18
13 18517
12 1721
25 4
16 658
16 1554
22 32
27 1
27 1
25 2
23 12
17 296
17 1111
27 1
21 24
13 12607
23 8
23 4
21 38
14 11006
15 3757
25 5
22 13
14 11963
21 86
26 3
18 512
19 37
20 123
14 6711
19 106
16 1933
17 699
22 37
26 2
19 15
13 6446
13 21503
24 4
23 17
21 62
13 5047
23 2
17 460
19 236
25 3
15 3585
21 22
12 8013
18 116
20 107
16 2427
18 154
20 142
20 70
14 3848
18 593
24 1
12 2202
19 43
21 69
18 36
18 270
20 103
17 1132
18 245
26 1
13 24394
23 9
22 22
19 283
26 1
20 191
20 160
25 7
17 1422
18 133
18 242
19 355
21 4
23 15
16 2335
20 73
18 782
19 108
26 1
12 20971
21 5
20 135
25 2
22 31
19 294
19 388
17 557
26 2
15 487
22 23
19 240
27 1
23 9
15 2313
26 3
24 3
22 16
25 7
15 1107
13 7832
17 308
16 1150
23 13
16 2071
12 17899
23 19
18 72
22 21
20 24
18 374
13 8482
14 10983
20 162
12 1210
15 4808
19 266
19 120
15 404
12 20551
13 5159
19 113
18 638
23 10
14 530
17 1423
20 201
26 1
23 13
25 1
20 32
15 4930
18 171
17 606
27 1
24 8
23 3
27 1
14 4842
24 10
26 3
22 40
14 913
27 1
26 1
12 20664
26 1
23 19
18 66
19 98
25 3
19 225
25 5
14 9280
19 13
15 6254
19 46
27 1
23 3
22 6
15 1530
20 202
21 54
17 1447
25 4
16 538
19 25
21 29
24 2
18 618
26 1
18 105
16 2484
23 4
24 9
20 93
15 5752
26 3
13 6183
20 32
18 789
18 318
17 212
22 14
15 5468
16 967
26 1
26 1
25 2
20 156
25 4
14 844
18 160
23 7
27 1
24 3
18 659
16 1440
26 3
14 5184
19 339
17 1492
27 1
16 1748
23 1
24 2
16 354
26 1
14 1240
17 872
22 31
21 47
20 101
17 443
22 16
20 6
14 2502
27 1
22 27
26 1
18 78
13 64
23 12
17 1095
14 5323
17 161
23 7
18 493
13 23534
14 12584
14 11959
18 592
24 7
23 8
19 31
17 1447
17 1030
25 3
22 24
27 1
23 8
15 2934
21 12
25 6
23 11
16 1120
26 1
15 2914
24 7
13 23589
25 3
13 1755
12 26816
21 8
20 24
16 551
19 208
19 1
25 3
16 1245
26 2
13 21129
16 1171
18 715
22 15
21 90
16 1196
22 27
12 1390
26 1
25 5
24 9
26 1
21 64
26 1
17 834
13 22104
14 1231
26 1
20 118
27 1
23 8
17 886
20 75
24 8
14 3432
14 9916
27 1
19 272
13 21748
16 2764
18 627
24 2
12 18905
16 247
14 2319
14 3022
27 1
19 337
15 4284
24 5
26 2
27 1
17 571
22 13
19 288
20 140
12 14248
20 108
13 22511
25 4
22 10
24 5
25 7
15 1389
14 6908
21 51
22 21
22 34
17 243
12 23621
15 1746
13 23859
24 3
24 9
26 3
13 13666
21 52
16 1476
25 6
12 14273
27 1
23 4
26 2
26 2
21 92
13 6210
25 3
20 82
12 3708
13 2832
27 1
21 57
20 164
14 6970
18 127
18 64
13 18684
21 56
14 11971
12 8736
20 9
15 5493
24 9
17 1257
17 1036
26 1
24 9
25 3
25 2
27 1
14 8418
26 1
27 1
23 12
26 3
22 5
21 73
13 719
22 19
26 2
15 346
23 12
24 2
16 1020
13 24496
15 6346
20 81
12 13972
15 6295
22 17
22 38
16 2528
18 344
12 30574
26 3
25 4
14 5442
13 13999
21 8
18 174
24 9
16 2680
27 1
14 6613
15 4647
25 1
26 1
17 423
17 1137
22 27
27 1
22 20
22 12
20 119
22 10
23 10
18 97
25 3
13 3165
27 1
21 7
25 5
13 23105
17 489
12 11271
19 387
19 116
24 1
15 6134
19 242
19 241
24 4
18 145
15 4865
16 105
24 4
23 7
13 17426
25 3
25 4
25 6
26 3
24 10
23 5
17 681
18 234
19 399
13 10782
18 198
12 1146
13 24148
16 794
14 9209
13 6928
21 28
16 343
17 1023
19 277
19 381
12 15827
19 240
26 1
16 3067
13 6485
25 1
24 9
13 23700
24 8
19 149
18 786
24 5
15 6089
12 21753
23 8
13 15405
14 3536
15 1504
18 617
16 3029
16 1238
15 1583
26 1
22 34
26 3
12 16269
19 306
12 16022
13 1060
19 308
13 6168
12 22973
22 22
12 23930
18 180
13 8283
15 5677
27 1
27 1
17 1554
14 6400
18 451
25 2
23 5
18 411
12 2604
14 6987
25 5
27 1
17 1105
19 39
13 5358
18 790
23 13
17 125
22 24
26 3
13 17429
12 14359
18 665
23 5
16 1250
17 572
12 21779
22 10
24 7
13 4418
25 1
15 775
25 5
23 13
13 9200
25 5
21 23
18 469
22 4
20 169
23 15
14 5610
13 4456
14 9458
23 7
23 18
26 2
16 666
27 1
19 369
14 965
17 316
18 541
21 2
25 4
16 1883
25 6
14 24
20 50
27 1
24 9
25 6
22 40
