10000
24 8
21 58
14 2383
16 2340
14 11026
26 1
13 722
21 98
19 399
14 3005
26 2
25 5
23 11
15 1274
26 3
20 186
22 23
25 3
15 4702
21 87
23 10
18 49
23 4
25 7
14 1329
13 2057
12 5905
26 3
12 15303
26 2
20 138
27 1
13 21873
19 331
17 1290
15 5557
23 14
15 1453
16 249
18 137
15 209
17 1223
27 1
12 8432
21 32
23 6
25 1
19 287
21 60
13 5128
27 1
24 1
23 15
25 7
15 6251
22 4
14 8511
15 776
15 1407
25 6
26 1
13 21256
17 1513
19 376
24 3
14 4207
22 26
22 20
14 5006
25 7
13 12310
16 1375
18 421
16 174
15 968
23 9
19 241
20 130
19 266
19 349
12 14052
14 10311
26 2
19 25
22 39
21 31
18 675
21 80
20 183
13 5164
20 48
17 801
23 15
20 177
24 8
27 1
26 1
21 82
14 11701
22 37
21 40
23 3
21 37
14 3702
12 8414
13 6570
22 30
12 8337
15 2262
21 61
24 1
20 10
25 5
12 2104
27 1
24 3
19 267
22 30
15 2724
20 130
17 401
24 4
13 2366
17 1286
18 333
16 242
26 1
21 19
18 399
25 2
25 3
15 2146
26 3
26 3
24 3
14 835
12 26120
22 17
16 870
25 3
25 1
12 30824
23 5
21 50
13 6106
22 17
16 2534
21 66
16 3075
12 23600
23 12
19 164
21 31
16 758
24 8
26 1
12 7834
17 290
23 3
15 6101
18 400
26 3
23 17
17 924
14 11541
18 616
21 21
14 9365
19 91
12 15004
12 24042
14 1485
19 63
23 1
17 615
24 4
24 3
13 16080
23 17
27 1
27 1
22 16
26 3
20 170
15 328
20 42
22 18
13 2908
21 67
22 1
15 495
25 3
24 8
24 3
23 13
27 1
16 2941
15 5519
14 9429
15 1055
17 1025
15 3507
27 1
13 9176
27 1
23 2
22 33
27 1
26 1
17 1199
17 474
25 3
21 18
21 23
24 5
21 79
17 442
21 81
22 37
23 16
13 11406
17 909
17 1137
21 93
21 36
18 510
27 1
14 5464
17 178
16 2379
17 500
16 2614
22 8
15 693
13 4989
20 156
18 487
12 18826
22 25
15 173
18 232
18 661
13 24497
17 1369
13 8163
25 5
16 130
23 8
25 5
19 122
25 2
27 1
19 98
16 2573
14 5127
17 421
25 4
25 7
17 1456
26 2
17 1059
23 7
15 3742
19 170
17 695
27 1
18 63
20 169
24 10
21 37
17 966
19 59
17 369
15 6265
13 4616
17 1376
21 29
17 825
20 156
26 2
23 14
14 10926
15 2538
23 3
24 2
19 197
22 38
14 1574
19 132
13 20210
25 2
14 317
16 2756
18 787
23 6
22 33
19 65
20 199
25 4
13 6392
12 1419
19 379
22 26
25 3
23 2
26 2
15 5890
26 2
27 1
15 1115
17 19
13 20177
13 12052
21 80
24 6
12 29234
12 14918
12 22094
25 4
27 1
20 166
14 3774
21 55
12 22691
14 3972
17 1136
26 1
26 1
12 22270
26 3
20 143
14 9577
15 5095
22 4
22 19
15 5437
19 288
17 711
20 7
27 1
16 1007
17 136
26 1
18 721
25 2
25 1
20 188
26 3
14 4576
25 7
22 40
26 3
12 13481
27 1
19 6
18 359
26 3
22 37
25 1
14 3349
12 11046
12 23602
17 1165
24 9
17 332
14 3565
17 1195
21 75
23 3
20 145
27 1
22 20
20 93
24 7
14 5469
23 9
12 26676
26 1
18 169
17 1541
16 2022
27 1
14 5721
25 7
27 1
21 96
20 28
16 1504
21 77
15 5365
17 593
20 113
18 454
12 24353
16 1441
27 1
18 622
26 1
22 6
13 15222
17 226
21 43
22 39
25 1
22 1
19 311
12 5617
12 30449
22 26
24 5
19 146
16 2224
16 141
18 806
17 861
25 1
16 936
12 6147
24 10
24 7
15 3261
13 14844
21 7
26 2
15 1059
24 10
19 203
23 14
17 95
27 1
23 5
21 40
17 676
18 412
19 261
21 93
23 4
20 57
21 18
19 129
22 4
18 24
23 5
24 1
15 6381
13 2389
15 529
26 1
12 10181
16 1623
14 4481
24 5
23 6
16 579
19 169
16 208
19 253
16 2624
24 1
12 14828
16 1498
17 134
18 388
14 1644
25 6
12 293
18 248
26 2
23 15
25 6
24 5
26 2
13 5073
26 2
13 20099
25 6
12 325
14 2248
23 12
27 1
15 798
16 2965
23 11
17 449
14 7217
23 11
12 31193
24 2
14 4194
22 19
16 1468
25 5
13 18450
12 23683
23 9
24 3
23 3
19 42
21 91
23 6
22 11
19 53
23 3
18 523
27 1
14 4045
23 17
19 321
25 4
19 268
26 1
13 5187
25 2
13 10953
19 210
19 130
21 60
19 286
16 194
16 1590
15 551
24 5
26 3
15 619
24 8
27 1
24 3
19 175
12 30916
22 30
26 2
13 7511
19 183
17 1310
16 1476
27 1
16 699
14 5694
19 123
21 53
20 29
12 27511
24 10
16 1765
25 2
23 19
18 129
14 3568
25 1
20 126
15 4434
26 3
23 16
23 19
24 4
14 5582
19 171
15 2460
19 167
14 4286
24 10
23 17
19 265
12 4324
15 371
20 71
20 39
20 190
12 19961
12 29831
17 1036
16 1901
14 7715
27 1
17 967
20 23
17 290
13 5803
20 117
17 1065
13 2533
26 1
24 9
19 345
22 28
19 6
24 6
21 49
12 17819
24 3
25 7
26 3
27 1
20 47
13 16117
20 142
26 3
13 1406
19 90
15 4914
14 11585
22 30
19 166
20 58
22 6
14 2064
20 168
24 5
15 2722
17 1456
24 8
13 17776
15 1057
20 54
12 12044
14 12356
12 32382
12 19545
27 1
21 21
20 72
22 37
26 2
23 9
20 63
13 13998
27 1
20 167
20 194
25 5
12 23105
26 1
23 2
13 6028
23 13
17 442
13 20949
22 31
18 748
14 55
19 248
17 1253
15 3386
18 235
16 225
20 29
27 1
25 3
24 10
17 657
16 586
14 828
27 1
24 1
21 34
20 69
20 39
20 116
27 1
13 9419
12 19876
27 1
16 2109
21 93
23 18
16 2666
14 4357
22 1
20 94
19 216
27 1
20 84
15 5323
14 11946
25 5
15 6349
16 254
23 16
21 19
22 37
27 1
19 105
25 1
16 1396
16 83
15 3079
12 15959
19 293
27 1
23 9
14 3043
15 5174
19 406
17 1214
15 5495
18 53
13 23505
17 516
24 4
20 77
24 10
21 10
15 6133
26 3
17 362
23 10
21 94
21 27
14 8537
16 145
25 3
18 93
21 10
18 11
20 46
26 3
20 190
27 1
13 14995
18 108
24 10
23 3
20 163
26 2
25 7
12 17220
25 4
15 2035
26 3
14 8947
21 24
27 1
12 12556
27 1
13 12825
18 329
26 3
14 2051
20 58
20 169
12 25505
14 5512
24 4
16 232
22 16
13 770
18 698
14 1860
23 5
12 19211
24 7
18 162
13 10836
20 43
13 256
13 6350
14 5318
12 17236
13 3385
13 14446
14 2569
24 4
20 184
26 2
14 3916
22 18
22 14
26 3
25 3
17 875
22 1
12 21651
24 4
16 2102
18 805
14 2602
13 12815
22 27
19 206
26 3
25 2
17 1492
15 4153
18 490
24 4
13 16354
24 1
25 4
17 1095
17 97
13 14224
12 3355
25 7
15 196
22 15
19 350
15 6226
22 18
26 1
19 370
16 2370
17 933
27 1
13 4582
18 768
23 4
22 1
14 11458
27 1
27 1
22 11
14 143
25 4
27 1
16 2747
20 189
26 2
19 252
22 6
14 4035
19 303
26 2
23 15
27 1
27 1
18 636
27 1
20 16
15 567
26 1
25 5
12 3178
13 6369
13 8804
18 266
22 35
12 26605
18 648
22 8
13 13497
16 1094
12 13058
12 21303
12 8280
25 6
26 3
12 12358
22 38
18 751
22 32
23 18
12 32429
20 16
24 1
27 1
12 18445
19 281
18 735
18 11
14 10567
14 4462
19 185
18 760
23 6
17 700
23 8
13 20399
24 4
20 55
19 258
16 2447
14 5301
12 6886
27 1
21 84
18 100
23 16
14 2814
19 387
24 7
17 1568
22 16
27 1
18 385
20 48
27 1
27 1
13 8401
18 401
15 2485
13 4196
16 648
27 1
17 288
22 34
18 182
12 21105
13 5251
26 1
19 17
27 1
24 3
20 23
15 3217
14 10870
22 9
17 1447
17 1362
19 229
22 23
20 126
12 18979
24 5
19 399
17 1318
18 236
18 84
19 153
21 6
14 711
24 1
25 5
26 3
12 22419
23 19
20 138
21 52
14 4763
13 23294
16 1582
25 1
22 39
17 247
18 47
20 150
18 317
23 11
14 237
15 2143
25 2
15 2660
19 152
17 1420
16 1365
20 68
12 13571
26 1
25 5
15 1020
15 5177
26 1
17 777
20 92
15 2744
25 5
16 1522
18 763
12 8721
15 6199
27 1
21 23
15 3691
12 15863
19 379
22 22
17 133
14 3638
20 42
23 12
19 42
16 1089
25 3
25 6
21 48
24 8
21 6
24 4
18 394
22 35
26 2
27 1
16 2429
26 3
20 48
23 4
18 490
12 5423
13 11847
12 15331
24 9
19 305
24 4
20 97
12 26948
17 542
24 7
25 6
20 70
19 390
24 8
13 19584
21 52
20 82
18 20
18 605
12 5411
25 4
27 1
18 252
21 35
21 45
19 181
22 13
22 17
20 179
24 5
17 698
18 645
17 313
18 436
20 33
25 3
18 328
22 22
26 3
21 96
25 5
21 72
27 1
12 28110
19 165
12 27676
27 1
19 302
27 1
20 144
26 2
23 19
22 1
18 628
19 36
20 199
22 5
22 24
15 5850
16 388
25 5
13 8086
18 3
15 756
25 3
17 1493
27 1
15 289
12 2704
21 87
22 38
27 1
20 112
12 28780
12 20763
25 5
14 1177
18 235
15 51
14 990
20 8
15 3910
16 3113
23 15
13 17272
25 7
27 1
16 2913
26 3
17 1230
24 1
16 1535
25 3
18 445
26 1
24 5
20 66
24 5
17 743
25 2
17 485
21 46
25 6
13 14268
17 202
27 1
27 1
27 1
19 335
23 4
26 1
22 14
17 748
18 159
21 11
12 25895
15 6097
17 1162
26 2
25 3
17 407
20 116
14 9625
20 156
20 49
25 4
24 6
15 3982
18 631
23 3
21 85
25 2
16 170
21 2
19 65
13 251
17 1485
19 88
25 4
18 728
19 298
14 260
27 1
26 2
15 782
15 670
25 7
22 29
12 32406
26 1
15 6253
15 6039
27 1
17 668
20 61
13 5010
25 6
16 2996
13 20702
17 114
18 283
16 553
25 2
13 11658
26 3
23 9
20 116
25 1
20 175
20 91
22 14
13 1763
14 4187
21 35
20 20
12 25050
17 923
20 38
12 17117
20 174
19 314
19 382
27 1
18 384
23 16
22 21
24 9
26 3
25 6
23 8
25 6
17 80
21 54
17 682
27 1
21 50
15 1069
25 5
12 22081
18 27
26 2
14 10238
18 180
13 5122
20 115
14 10341
19 236
26 2
22 30
17 288
13 1401
23 11
22 21
14 3331
14 9333
17 1130
22 2
20 11
12 30955
12 2819
20 18
16 3110
27 1
14 3233
27 1
27 1
12 6194
19 33
15 6281
27 1
26 1
23 4
19 8
16 2823
13 345
17 125
20 89
22 40
25 6
21 89
13 5746
24 7
14 11396
15 3932
19 165
25 5
23 8
13 24863
24 2
26 2
14 1731
20 192
26 3
25 2
20 17
23 7
19 403
14 487
27 1
21 44
25 2
15 1384
15 2436
25 2
14 7207
27 1
22 32
27 1
15 2121
16 2522
21 79
12 18830
23 15
23 11
13 22378
12 15052
26 2
21 87
24 6
21 44
12 27279
26 1
14 11397
15 2440
27 1
19 410
20 110
13 17824
15 5719
26 2
26 3
12 19532
14 4070
19 309
26 2
25 2
12 13217
15 5298
14 8874
25 2
21 38
26 1
25 7
16 94
19 210
15 4557
26 2
13 8401
13 6166
17 127
15 6121
27 1
20 84
18 466
14 3374
16 2123
22 3
14 3745
27 1
15 154
13 10283
14 7158
23 4
24 1
14 6184
24 5
13 8137
20 137
13 12893
27 1
21 43
12 25829
21 15
22 9
19 340
17 804
19 379
16 157
23 10
20 152
26 2
14 8449
12 11845
13 15075
14 4743
19 95
12 24464
21 81
12 15846
25 4
24 9
15 5445
13 1622
27 1
19 228
24 9
25 7
13 1661
22 30
13 15011
16 320
17 1562
26 2
20 144
17 1443
17 1047
20 99
15 1505
21 11
25 5
18 558
14 8319
18 439
13 19
17 677
12 26961
27 1
12 11967
25 6
15 6363
12 23649
22 19
13 5981
27 1
17 1411
17 1425
13 12003
14 2452
14 6266
20 79
22 6
18 489
22 28
15 3361
15 5445
16 3134
23 5
14 11925
27 1
26 1
26 2
27 1
12 12796
14 10230
21 97
27 1
12 10982
24 9
26 3
15 2750
20 187
14 3040
24 10
19 33
24 3
20 71
23 8
16 654
22 24
24 5
14 12042
27 1
13 19139
21 28
15 5005
21 66
18 552
17 759
24 8
27 1
26 2
17 182
17 28
22 34
21 63
18 519
18 465
27 1
14 4319
16 1084
13 23869
26 2
15 821
18 469
14 10817
16 221
25 2
25 5
16 497
23 16
15 3104
22 16
25 1
19 191
26 2
19 229
27 1
21 14
19 64
23 18
19 140
26 1
15 2047
21 42
12 337
26 2
12 21135
12 18464
27 1
27 1
23 5
22 17
18 277
14 7807
24 6
26 1
15 2446
15 2960
18 709
12 13876
12 19318
23 4
21 79
26 3
15 5547
12 5468
14 1939
15 596
25 1
13 16268
20 105
18 605
25 7
24 8
27 1
22 18
25 1
23 1
18 606
25 6
14 4863
12 7830
23 7
24 8
26 2
27 1
16 2905
23 19
27 1
14 2561
17 418
27 1
27 1
16 1244
27 1
18 180
15 1020
21 84
25 3
23 6
27 1
14 3442
19 280
17 1512
27 1
24 4
13 18831
19 172
25 1
12 21677
23 9
12 15364
12 7393
14 7430
13 5532
22 21
20 122
16 640
22 22
25 1
17 1490
14 2521
23 10
23 7
12 5271
18 66
15 4647
15 4517
26 3
15 6105
27 1
12 15800
15 994
24 5
17 79
22 33
22 32
24 8
23 7
14 8917
12 23435
26 1
27 1
19 223
20 5
17 789
26 3
18 258
18 738
14 6044
12 4399
16 580
18 98
15 3939
20 92
16 1776
16 2552
12 18200
18 778
17 326
16 2511
26 3
19 244
14 9774
21 45
26 1
14 10539
15 4994
13 1915
26 3
23 5
21 15
17 1380
16 1384
13 15431
16 2183
23 11
20 128
14 1546
26 1
18 684
21 74
16 2314
27 1
14 6327
16 1554
23 5
21 44
23 13
15 876
20 154
23 1
17 68
22 30
18 144
13 11035
15 2833
22 10
26 3
12 15887
14 1603
27 1
14 3499
25 4
25 1
16 2753
15 4493
17 1154
21 98
24 3
24 6
15 5654
21 25
21 77
19 40
27 1
21 41
19 42
18 584
23 14
16 875
27 1
21 60
19 7
12 22899
18 381
24 2
24 4
27 1
26 2
20 111
15 3490
26 2
14 182
27 1
25 7
20 173
24 9
15 1926
22 6
14 11692
13 18013
26 1
17 1486
26 2
13 202
20 24
16 2275
22 40
22 36
19 44
22 17
13 5629
16 951
20 115
19 260
18 645
16 1261
21 41
16 939
26 2
23 9
13 2361
22 6
17 1247
17 913
16 1599
22 2
18 576
25 6
13 10609
17 896
18 579
18 340
18 763
15 1176
19 138
14 10110
21 42
25 1
19 65
25 7
26 3
18 424
12 23155
13 6956
18 307
24 4
19 304
13 4070
24 10
21 41
12 2278
12 8432
21 88
18 271
19 208
22 37
27 1
16 437
18 760
19 165
27 1
16 141
16 1108
25 5
17 145
26 2
14 9520
24 9
20 109
24 1
26 3
14 222
25 2
26 3
13 16962
19 372
15 3475
17 1341
15 5661
12 901
19 164
23 15
16 3133
26 2
27 1
19 290
15 4007
26 1
13 9420
23 7
21 76
21 49
23 15
20 1
25 5
16 2569
22 31
18 658
27 1
27 1
18 556
27 1
27 1
19 147
14 9005
15 5863
18 504
18 269
27 1
15 4841
21 37
12 23861
19 349
21 87
23 13
17 506
16 2977
24 2
22 6
16 3152
21 7
27 1
27 1
17 1548
18 799
12 6348
13 23676
24 7
18 639
23 17
12 7262
22 17
15 2896
19 18
24 4
25 1
26 1
17 236
25 2
25 4
21 77
18 350
22 30
12 27174
27 1
16 1115
17 462
17 556
20 168
18 118
24 9
22 34
21 92
27 1
20 64
20 107
12 20224
26 2
27 1
16 1032
22 39
25 3
15 334
26 3
26 1
15 1925
15 3315
16 615
13 8715
16 1851
19 364
26 2
14 4445
26 1
18 590
13 21402
26 1
24 4
14 4643
26 1
23 13
17 717
21 18
14 7730
27 1
24 2
15 2609
17 1288
20 139
12 9549
20 3
25 1
15 1338
23 5
22 12
23 14
20 15
17 1267
17 3
23 6
22 1
27 1
16 1936
19 391
22 5
23 15
25 4
14 720
15 2268
13 2339
14 8409
27 1
25 3
21 73
12 23067
21 78
24 5
18 678
13 11434
23 10
27 1
19 105
24 2
20 156
16 1818
18 84
14 3808
13 10512
13 10492
23 3
14 13
16 1784
23 3
20 14
16 1981
21 26
13 1777
24 1
26 3
17 526
27 1
14 12497
16 1961
21 35
25 6
13 6298
14 2794
14 3164
27 1
24 9
14 4214
21 20
17 1528
14 390
23 10
14 4137
23 15
26 2
26 2
27 1
21 19
17 1428
21 74
25 6
14 4042
25 3
18 251
15 3440
18 267
14 463
22 2
20 161
13 22358
12 7363
21 15
24 2
24 7
27 1
27 1
23 5
22 21
12 21154
18 608
12 11771
22 3
15 6096
17 1407
26 1
21 50
14 1602
24 1
18 143
27 1
17 58
23 19
18 594
27 1
26 2
23 12
19 211
22 40
25 7
13 2608
24 8
23 9
23 6
13 9345
19 304
22 21
13 23035
18 669
18 711
23 11
12 31811
24 6
12 4539
26 3
20 173
21 24
22 27
26 3
15 1931
25 5
18 611
16 2787
21 81
20 145
13 6115
16 1709
25 7
15 5189
15 1831
25 3
24 7
15 4958
13 3661
23 18
15 4169
23 14
24 4
18 92
19 324
21 38
12 3210
15 5351
25 7
18 628
20 165
12 11590
14 5009
20 63
19 311
22 21
13 17193
13 9856
27 1
20 134
14 6018
12 147
24 8
27 1
20 158
25 4
20 134
26 1
12 23188
27 1
18 117
14 9900
19 265
20 116
21 58
14 10943
15 4875
18 743
24 4
13 1773
18 235
13 3302
21 94
13 16978
12 20773
14 8832
17 582
24 1
24 4
20 59
12 19044
23 17
12 5197
14 1820
20 147
13 7099
12 24117
22 15
17 1006
27 1
21 55
19 348
24 2
12 8613
20 25
20 131
26 1
24 4
15 4236
25 4
20 186
19 394
24 6
12 16765
15 601
12 22634
16 2542
18 488
16 2888
17 1117
16 1703
13 15746
23 16
24 10
15 3324
27 1
17 240
22 6
16 2870
23 3
24 8
26 1
19 241
20 117
15 5053
16 2673
18 732
23 7
25 2
16 2061
20 143
12 12506
18 368
15 4245
12 16134
14 3468
18 597
27 1
24 1
17 792
15 3541
17 1228
20 89
25 3
26 3
24 1
22 20
19 299
14 8821
21 52
18 498
25 5
23 13
24 6
22 3
17 1300
23 12
27 1
13 21690
12 30653
16 258
24 3
14 1564
25 3
15 2260
18 107
27 1
18 125
13 24165
24 7
21 37
27 1
15 1129
23 2
21 12
24 1
21 9
23 4
18 624
22 38
13 10695
12 14689
16 2977
15 4098
14 7034
20 188
13 14298
24 1
15 1308
13 9748
20 131
21 90
16 2187
14 8221
12 288
17 1520
14 10141
27 1
24 7
25 1
18 577
20 54
22 39
16 2955
16 1576
21 1
18 475
26 2
26 3
21 67
19 247
20 121
12 24933
24 7
27 1
23 19
15 2292
16 2163
25 5
27 1
25 5
22 23
24 7
16 273
25 5
19 307
15 6337
20 48
13 14163
12 26391
17 920
18 103
15 3189
15 4460
13 1353
16 2360
17 133
25 7
13 15614
14 9193
23 5
17 591
25 7
12 9993
27 1
12 18085
19 331
18 392
24 1
26 2
26 2
23 10
18 771
21 21
25 7
13 2603
27 1
23 4
23 19
18 94
14 4583
19 223
23 17
15 155
20 25
24 7
24 1
26 3
20 101
19 378
20 82
21 13
13 7016
12 20350
19 389
15 808
12 7032
23 15
23 1
16 2382
26 2
18 607
15 4248
15 5104
13 24968
27 1
23 6
14 2894
21 45
25 7
20 60
26 2
14 3112
17 116
26 3
14 1258
19 251
16 1548
24 6
15 5114
23 18
21 34
24 3
15 898
27 1
22 12
18 411
12 21341
13 4205
24 3
24 6
16 2966
21 6
26 3
26 1
17 1204
25 3
24 10
17 1488
17 1076
24 3
27 1
21 27
13 6946
16 1014
21 7
26 2
16 1335
26 2
23 7
12 25869
15 994
27 1
13 9845
25 1
12 5741
19 172
15 4404
22 9
21 92
15 379
16 1390
22 36
20 109
25 3
16 3124
25 5
15 4228
21 75
12 25102
24 4
23 10
20 60
27 1
12 20915
27 1
18 443
16 1308
22 12
20 10
26 3
13 4338
22 34
25 4
15 4160
12 31820
22 22
27 1
19 176
22 30
14 11061
24 8
18 781
15 2184
17 1485
26 1
21 24
21 86
12 2798
22 7
18 648
22 38
12 22239
16 2612
24 8
26 2
22 5
20 183
22 25
19 47
15 4293
12 9133
19 226
18 675
20 60
14 10733
20 12
18 598
17 396
13 17347
12 16076
12 9282
12 31061
22 12
21 25
20 8
24 7
19 30
26 3
25 1
21 48
25 1
15 355
24 9
13 3554
27 1
21 53
23 14
22 13
23 10
25 1
27 1
21 94
22 36
20 136
21 69
23 7
14 8669
27 1
15 3029
24 8
18 245
13 2480
17 638
14 12556
15 4987
26 3
16 1752
12 10514
14 234
24 8
12 19263
18 93
22 9
14 5745
16 910
26 1
25 7
12 2420
19 360
27 1
21 57
14 6421
27 1
23 8
19 166
14 5050
23 17
15 6001
25 6
17 794
18 729
27 1
26 1
24 10
21 54
21 6
18 399
15 2176
19 180
13 19654
12 28213
15 3170
13 508
20 138
15 5845
13 24158
14 5339
20 74
26 1
26 3
14 4456
20 30
14 7868
19 169
17 324
23 17
19 102
17 493
23 14
27 1
15 3011
25 4
12 13871
12 30626
20 112
27 1
23 10
16 1846
16 3148
20 37
13 20576
27 1
13 21489
14 12307
13 24166
27 1
17 1024
13 22655
20 142
27 1
14 2110
18 23
24 2
18 324
17 780
26 2
15 1000
19 395
21 64
13 21167
23 6
12 21778
15 2720
17 1090
13 15754
25 4
17 167
23 4
25 4
17 1488
25 2
27 1
14 7563
21 22
17 1235
22 27
12 19387
22 17
15 5266
14 8123
16 755
14 2533
21 30
18 356
17 933
21 39
16 2530
16 1946
18 666
27 1
26 3
18 243
21 43
18 604
26 3
26 3
20 12
19 220
17 1279
12 10848
24 7
22 32
13 566
18 706
21 28
13 583
24 10
23 4
26 1
23 1
24 10
15 3707
19 127
15 223
14 1305
27 1
24 10
12 5675
25 7
24 6
13 12398
17 224
18 340
15 499
18 103
13 21637
16 2237
20 114
19 202
26 3
20 110
25 7
23 5
15 1082
27 1
26 1
19 206
16 2501
17 1553
17 1187
22 3
12 16611
27 1
17 1397
12 18311
12 10662
26 2
13 4060
14 5241
24 1
13 4513
16 1944
14 12340
19 232
13 24494
21 57
14 9326
12 25797
16 2858
15 902
24 8
13 16651
25 1
15 381
20 165
14 12236
21 8
19 370
24 2
17 1540
13 24788
19 99
17 115
21 37
25 4
20 134
13 22705
22 5
25 2
23 17
19 350
25 2
27 1
26 1
23 1
18 719
26 3
19 406
24 5
16 612
27 1
26 3
20 2
14 5941
17 464
14 7667
17 1214
17 1458
24 10
12 21606
19 33
15 3488
12 26057
14 6847
27 1
20 196
17 1010
24 10
20 98
12 13465
26 2
27 1
22 4
15 4023
20 83
19 111
21 72
14 9400
26 3
27 1
17 712
25 1
17 80
22 7
22 35
26 2
12 9312
22 10
12 19440
25 6
23 7
23 9
21 1
25 4
13 16471
18 188
20 176
23 1
21 14
12 32499
18 738
16 2837
14 2046
23 19
25 2
25 1
25 6
14 12061
27 1
23 5
13 4987
27 1
25 7
23 14
18 63
19 223
15 300
20 26
25 7
22 4
21 80
22 31
17 526
18 237
14 7484
16 965
18 400
15 4409
27 1
15 127
19 217
18 716
23 7
16 2192
21 64
12 12173
26 2
24 2
23 6
25 7
23 2
12 12666
19 199
20 125
16 1224
25 6
14 5566
16 260
16 1139
27 1
26 1
15 2136
14 3000
24 2
21 70
13 12268
14 10628
19 325
25 6
20 201
17 863
12 15385
12 16578
23 12
18 291
13 19197
15 458
25 7
25 6
12 24595
17 499
22 37
26 2
14 1290
27 1
22 34
22 11
16 2076
20 90
15 2225
22 30
14 2946
13 24446
17 772
21 81
14 10193
20 100
26 3
21 43
20 19
19 113
18 26
22 8
14 6927
15 4611
14 4132
20 43
22 19
27 1
15 1170
24 2
21 41
21 22
18 55
20 157
13 12975
22 10
16 540
26 3
12 6219
21 17
14 7116
20 94
14 10051
19 151
12 25033
27 1
25 6
13 3360
23 14
18 731
17 1250
15 2215
25 3
25 2
20 100
14 11562
22 10
13 23000
13 19919
27 1
14 1081
21 67
19 187
20 201
16 382
21 82
24 4
20 30
19 201
13 2250
13 8078
17 1367
14 6115
24 2
27 1
27 1
15 1764
15 3980
25 5
18 169
21 41
22 5
27 1
14 9927
24 10
12 7892
15 6156
23 18
14 5550
13 21008
16 368
13 6178
22 1
17 1304
21 41
14 7090
14 10195
12 10333
17 1544
21 62
15 2357
14 955
18 571
23 9
14 2614
19 260
20 15
23 4
27 1
19 29
14 588
17 1203
20 201
17 708
18 276
16 3032
17 826
13 2270
15 5701
27 1
23 10
19 403
16 2536
17 1239
23 15
12 10932
12 25525
19 270
14 2633
26 3
22 12
24 9
20 105
15 1696
12 22430
25 2
15 2527
21 65
26 2
21 23
16 9
21 90
23 7
27 1
19 247
18 415
21 67
21 94
18 40
13 21177
19 339
25 6
16 566
16 2147
12 18657
25 4
16 1867
21 8
23 14
18 754
13 3369
15 5864
23 12
15 850
18 633
14 3075
27 1
21 92
18 677
14 9178
13 4133
22 5
14 6437
22 15
21 30
16 2049
20 86
26 2
21 63
13 1069
12 32305
27 1
12 30256
19 146
27 1
20 192
22 22
19 138
18 616
14 2811
24 9
12 27220
14 7004
27 1
22 23
24 4
24 4
12 3212
15 681
27 1
20 23
13 6904
13 11029
25 2
20 135
21 45
24 6
15 4908
21 28
25 2
18 584
23 2
14 6009
25 4
26 3
23 14
22 25
15 5192
12 6673
16 802
13 12025
21 7
13 24716
17 828
15 5422
13 1284
17 238
19 214
23 11
25 6
23 5
13 856
24 3
19 375
26 1
16 1683
19 332
20 139
15 5776
25 4
22 39
15 826
12 2386
20 87
26 1
21 59
13 1364
22 33
18 393
17 728
15 4738
16 2108
16 277
26 2
23 6
16 1574
18 1
22 40
25 3
18 619
15 779
20 175
20 54
25 6
12 24533
16 1701
19 18
25 7
27 1
17 659
12 29273
14 1539
25 4
12 11892
18 544
20 69
14 652
15 5833
21 65
15 4805
15 223
25 5
14 1051
18 783
13 17787
15 3799
22 24
27 1
20 18
22 9
14 6445
19 367
15 5568
14 7384
22 25
16 3086
17 949
19 216
25 3
21 85
12 11201
13 12608
13 5500
14 4300
12 1602
15 2343
21 4
22 38
27 1
25 1
17 1120
20 47
12 15822
24 2
27 1
23 9
18 368
18 732
25 2
16 2584
24 10
13 6718
16 3034
23 19
24 9
23 6
13 17958
18 319
23 9
14 11063
12 26420
19 33
21 71
23 18
19 72
24 6
16 1075
25 2
21 97
12 18791
16 2279
17 915
18 544
19 115
26 3
13 426
20 39
15 4033
15 4773
20 30
17 1033
16 960
12 24556
26 1
14 3806
13 13856
26 3
15 2765
24 1
14 10395
14 3740
15 5326
27 1
20 98
24 10
17 1154
13 1375
14 9619
21 97
25 1
18 325
20 34
14 5039
24 1
24 6
13 17986
25 5
26 2
26 3
26 2
22 10
21 3
14 6308
26 3
18 536
14 6404
25 3
23 15
21 25
22 31
24 9
22 17
21 53
22 27
23 8
25 6
18 134
25 1
13 6318
14 11795
26 3
17 507
27 1
15 3125
22 37
14 9526
18 656
17 785
25 7
13 2651
12 19129
24 1
21 95
21 96
16 2069
16 1440
23 18
25 6
17 965
19 213
24 2
27 1
13 4314
24 8
13 17932
21 64
16 2393
15 1922
22 28
16 925
17 1025
24 8
17 177
15 950
17 865
12 32275
21 38
19 346
17 659
17 126
25 1
23 7
27 1
24 9
13 17090
19 383
23 15
16 547
14 5942
27 1
21 37
18 240
21 64
15 3433
23 5
20 141
22 8
26 2
22 32
25 2
19 26
22 31
26 2
14 4335
24 7
20 154
20 119
12 31997
14 2417
22 16
21 84
27 1
27 1
24 8
24 5
27 1
14 5543
16 2165
18 76
26 3
21 53
19 270
23 15
20 11
26 2
17 386
21 58
12 20287
15 4153
22 38
24 4
21 4
24 4
26 1
23 19
14 7025
15 3068
16 1186
20 103
15 2342
15 679
24 3
14 12409
16 31
12 29237
15 3497
16 789
17 1397
24 8
12 30335
18 359
16 2818
14 2821
18 232
21 98
24 3
23 11
19 73
24 3
14 7137
26 3
25 6
24 7
20 19
22 5
13 5904
25 5
25 3
24 6
18 252
16 3133
21 50
25 3
25 3
12 20473
15 4183
15 2907
13 23215
22 35
25 6
26 1
22 16
22 9
16 2986
22 32
24 1
15 5617
15 1317
14 7235
19 403
16 687
27 1
21 77
19 365
20 158
22 27
12 2122
15 5534
16 762
15 1341
17 381
12 6742
26 2
14 1022
12 2270
25 1
14 8634
26 1
19 287
18 637
24 9
20 182
21 32
15 1696
16 95
27 1
16 2364
21 32
23 8
25 3
13 10361
18 139
13 18510
19 31
17 284
19 1
12 2975
27 1
12 7177
16 13
12 2645
15 6379
27 1
12 21679
16 3071
25 6
24 6
23 17
21 23
15 4641
23 17
14 9388
24 5
18 697
25 2
23 18
14 5770
17 945
26 3
24 9
27 1
22 1
21 58
16 83
14 61
21 52
13 23443
26 3
18 729
18 259
20 41
15 2539
13 2214
26 1
22 33
18 69
18 225
23 13
12 11456
20 170
17 88
15 1536
12 17319
16 1677
19 61
19 36
21 7
14 5540
17 1440
18 724
22 1
18 538
12 17441
21 84
22 37
12 31931
20 15
19 386
26 1
24 7
20 158
12 12977
21 98
13 23028
18 86
16 163
17 1043
16 2029
18 119
24 1
25 2
16 1261
17 740
25 6
17 1353
25 3
12 14880
22 3
26 2
20 122
25 1
13 2205
17 91
19 112
26 3
23 7
15 1692
23 10
15 3968
27 1
24 5
12 21358
19 388
25 6
14 9181
26 1
12 4184
17 676
14 1003
20 57
14 5543
27 1
15 4415
27 1
23 9
15 1650
24 5
25 6
17 1191
13 18815
24 5
24 4
21 92
19 196
14 6894
27 1
21 95
12 9488
17 1252
17 1353
15 2758
13 6259
23 8
24 7
15 5098
25 5
17 311
22 16
27 1
12 11305
27 1
15 113
23 14
18 730
14 81
20 101
17 656
15 6290
15 3848
16 1856
19 101
22 3
15 3457
27 1
22 23
20 5
27 1
25 6
12 32355
20 198
12 6828
26 2
19 267
27 1
23 10
26 2
23 10
27 1
12 1759
16 1176
15 2872
18 422
24 7
17 491
12 28548
27 1
21 61
12 5842
15 1954
26 1
23 8
13 7037
18 366
17 129
15 1597
13 9179
12 2618
16 631
26 1
14 3472
16 2582
14 2152
16 856
18 110
13 6915
19 90
23 18
19 369
13 10389
16 1896
16 10
25 3
23 10
19 409
23 5
25 2
15 538
22 37
21 37
19 205
19 321
15 4409
16 2570
18 797
14 746
16 2478
23 8
13 10549
23 18
22 29
24 6
26 2
17 557
27 1
13 21183
24 9
26 1
22 8
24 4
18 476
15 3436
24 9
12 30563
17 531
20 101
15 2916
22 8
25 4
14 507
21 66
14 6876
24 1
27 1
16 361
25 1
12 22766
22 28
17 212
24 2
13 22412
22 35
23 14
24 8
13 10317
14 6838
27 1
18 322
13 10963
13 9735
20 76
26 1
24 9
13 21914
19 94
18 366
24 6
22 2
22 17
22 1
15 15
26 1
22 31
16 1619
13 11055
24 7
27 1
19 92
14 7781
27 1
21 49
18 776
27 1
27 1
19 110
24 8
22 35
25 6
14 4907
16 1994
16 2171
20 30
12 23117
13 3367
22 39
25 1
16 1481
16 3061
13 5379
13 2940
23 15
23 7
27 1
19 151
26 1
26 1
16 447
26 2
17 1086
14 2806
23 10
13 19611
12 23858
20 125
23 19
20 122
25 1
26 1
22 4
16 947
19 391
22 39
19 353
17 1393
16 225
16 2286
25 1
17 1271
16 352
23 19
17 1051
24 3
19 213
24 8
15 4038
24 10
17 1557
13 1338
18 561
16 3143
17 1161
26 2
22 13
12 5912
21 63
16 70
19 224
17 930
27 1
27 1
13 12185
20 189
12 18077
22 7
20 20
17 1557
14 68
20 9
20 196
22 23
19 148
23 18
20 56
24 7
25 4
27 1
25 6
26 3
27 1
25 5
18 104
12 17558
13 5700
22 9
12 1504
23 1
17 1347
20 113
13 3010
20 79
23 12
14 9860
27 1
20 164
22 15
14 4200
20 139
23 13
22 38
25 2
21 9
24 5
25 5
15 1209
22 16
13 17410
27 1
14 4237
26 2
25 4
23 7
13 4367
18 189
12 32247
19 143
19 335
24 7
15 680
16 1423
16 2476
22 6
27 1
14 5203
17 11
15 1153
17 1309
20 79
15 6035
19 358
17 89
26 1
14 3435
13 2232
22 17
17 703
16 714
22 26
22 24
23 14
17 36
18 287
21 59
22 3
27 1
16 2375
16 3123
20 177
17 474
12 3410
20 100
18 194
22 38
14 3743
23 9
15 1234
22 5
26 3
27 1
21 23
25 3
16 2441
17 1146
24 1
21 36
12 11568
17 38
12 15052
26 2
21 99
21 16
14 8984
22 22
16 689
13 1726
24 7
17 453
13 5076
26 1
15 4651
16 2321
22 2
22 10
23 16
20 96
21 1
24 7
27 1
26 1
12 11002
18 266
24 3
27 1
12 16273
21 50
17 829
12 6620
18 205
25 5
26 1
13 5402
19 68
24 10
16 1843
27 1
22 3
18 243
12 21336
16 2357
24 4
24 4
22 19
16 2896
23 16
20 164
14 11496
27 1
26 3
13 837
19 384
16 1578
21 54
22 3
14 2050
22 13
23 7
13 24399
21 7
20 11
14 1840
14 4989
27 1
24 5
16 446
16 2103
12 32037
17 1408
18 808
20 139
20 111
23 2
18 147
27 1
23 12
16 1140
15 2826
15 2245
24 6
27 1
14 7473
23 13
20 110
22 18
20 66
22 29
22 19
26 2
17 1203
27 1
20 138
12 20272
17 295
16 452
14 2750
12 15196
27 1
12 29141
19 181
24 1
20 23
19 108
14 3943
24 7
12 18332
19 326
19 202
17 1250
13 42
23 13
21 41
20 33
17 296
22 28
17 1101
14 3513
26 3
19 253
18 703
23 19
26 2
13 17136
13 8031
21 48
27 1
14 8677
20 133
25 1
22 37
13 19450
21 71
15 5662
14 3321
14 2249
26 1
17 1189
19 143
16 365
25 6
18 283
18 801
12 24992
20 6
21 96
18 582
26 3
24 10
21 3
23 3
13 17171
16 658
13 24395
17 112
20 83
17 1060
15 4121
27 1
25 7
13 18123
15 5386
14 4977
20 156
18 246
24 8
14 7242
23 18
26 1
19 343
26 2
17 614
27 1
21 96
14 8079
13 20613
22 36
15 70
18 193
18 734
26 3
14 4110
27 1
19 310
17 934
27 1
23 4
15 1123
16 1841
26 2
19 183
17 105
24 9
13 6370
22 33
14 6129
25 5
17 1446
21 5
27 1
12 16980
13 9910
15 5863
23 10
23 2
24 5
17 918
27 1
27 1
18 27
17 1531
16 1743
23 6
23 7
21 49
23 1
20 14
18 615
27 1
16 1129
25 3
22 1
17 46
21 93
23 2
20 75
12 18445
14 6033
12 14128
26 1
19 265
13 6149
17 993
17 357
19 150
18 556
14 1953
12 16635
26 3
22 1
19 70
13 17564
15 233
18 378
15 1570
18 620
22 32
23 15
27 1
18 257
15 4763
21 92
13 372
18 559
21 5
22 27
24 9
20 35
18 774
18 668
25 5
21 47
23 2
12 5091
25 7
13 6069
22 17
17 991
15 4076
17 99
26 2
14 1618
13 556
18 423
12 9952
24 9
17 764
12 18746
14 6458
20 1
20 76
26 3
17 445
15 709
12 9674
15 3731
17 153
20 158
12 26284
13 3396
22 26
27 1
16 902
16 1008
18 320
23 14
20 40
18 769
24 9
21 48
12 17437
22 28
17 239
18 305
27 1
15 1257
23 14
20 132
14 2910
24 6
13 23197
13 5449
16 1473
27 1
18 252
13 4149
22 32
13 10025
19 395
15 3942
18 484
14 7929
24 3
25 6
19 11
12 7971
20 47
15 5691
17 1058
15 4903
24 3
14 4276
19 138
12 2095
15 201
19 202
27 1
20 44
17 1536
20 112
22 31
20 58
18 378
19 213
15 3012
21 88
18 712
17 225
27 1
12 30166
12 32740
22 38
12 8654
25 5
26 3
12 29644
16 1625
25 2
13 16772
19 37
17 1418
21 1
23 4
12 10486
21 72
19 401
19 197
17 494
13 21863
19 13
26 2
25 1
24 6
18 410
14 204
22 7
16 1789
24 2
16 2645
25 6
26 1
27 1
12 5212
27 1
24 7
27 1
26 3
19 307
24 2
22 28
13 6682
21 47
20 167
21 92
21 52
15 248
17 1063
27 1
15 6013
12 6583
19 267
26 3
17 399
19 50
22 32
15 6084
17 817
22 39
20 193
19 131
13 13424
22 36
20 141
27 1
19 151
12 16760
23 9
23 8
25 2
15 824
27 1
21 35
19 301
19 44
25 6
12 10379
18 541
22 21
25 5
19 64
17 1015
19 26
27 1
26 3
24 1
17 1134
14 6580
14 374
27 1
19 220
27 1
24 5
25 6
23 11
25 5
12 6570
16 318
25 6
24 2
27 1
22 17
16 2384
24 6
20 127
16 431
14 1680
18 101
13 3835
13 12340
18 623
27 1
12 14356
25 7
23 17
22 36
19 232
13 1033
20 37
17 895
13 3939
27 1
12 14683
21 41
21 20
20 40
14 3175
24 8
13 11359
20 67
20 53
13 4212
25 4
19 333
22 22
16 2840
19 130
20 134
22 16
13 24135
22 11
23 11
19 231
24 9
22 11
25 4
24 1
20 154
21 32
16 2167
12 22642
14 3982
14 1670
18 29
18 94
17 1255
26 3
14 12180
25 2
18 341
16 2401
15 3157
27 1
20 101
15 4458
14 7675
16 412
19 140
20 126
14 6
26 2
26 2
24 2
16 3124
24 3
16 1349
17 144
15 11
22 33
20 73
15 1888
19 282
25 1
23 7
14 2570
16 1830
21 67
16 1007
25 3
22 13
25 3
23 4
19 33
16 202
15 4570
14 1618
13 13325
24 5
15 265
17 1326
21 24
15 4286
27 1
27 1
19 37
23 2
18 521
18 97
13 6277
12 21908
16 29
24 7
18 743
20 145
26 1
26 3
16 2298
21 52
20 3
18 255
16 1650
13 10347
13 158
23 3
23 17
25 3
16 2187
26 1
21 37
16 2334
19 216
25 1
23 16
23 12
25 4
14 4470
23 15
14 2419
17 1031
15 5311
25 3
15 677
23 5
13 2772
14 6296
20 42
16 2606
23 2
18 404
16 1276
17 3
23 2
16 3125
19 141
23 17
18 331
27 1
24 8
13 17091
25 5
21 2
24 5
27 1
12 9759
26 1
22 7
20 10
20 57
19 247
19 246
21 64
23 17
22 13
26 2
27 1
22 26
18 688
19 95
27 1
16 1160
22 24
18 109
26 1
14 4406
25 1
23 15
21 98
23 6
16 321
14 7544
24 9
12 17054
14 3329
14 166
25 5
26 2
13 20769
12 7393
27 1
13 17317
24 1
23 8
14 3029
26 3
19 145
27 1
27 1
18 481
15 979
16 306
27 1
19 243
25 2
27 1
16 1611
24 2
26 2
26 3
24 2
23 16
22 9
26 1
15 3410
16 2406
15 667
19 366
27 1
19 403
18 486
24 10
15 584
25 7
22 32
25 7
27 1
23 8
18 271
19 128
25 5
16 1947
21 36
13 21528
16 204
17 976
14 5998
27 1
18 188
21 14
20 131
12 21853
15 1332
18 25
13 6422
13 8522
18 593
24 8
26 3
22 18
18 654
23 9
23 6
27 1
16 1611
23 2
13 4547
27 1
13 2769
15 605
17 998
18 65
19 15
17 1029
20 184
24 4
25 6
26 2
19 109
17 623
17 959
21 99
23 4
13 20632
12 3248
23 4
21 27
24 5
19 37
18 330
13 14930
25 6
13 7660
21 93
12 21664
21 3
14 11945
24 6
12 24260
27 1
20 189
18 410
17 100
23 5
26 3
21 84
12 21575
18 100
23 11
14 2789
26 1
14 11192
14 1464
23 3
19 45
12 28447
13 6645
23 6
13 6344
24 2
16 834
15 2338
25 4
26 1
14 7367
14 6088
19 241
21 26
24 3
12 11557
20 153
26 2
15 2473
16 641
18 568
19 82
13 9033
27 1
12 18345
26 1
25 5
12 12383
16 236
18 503
22 27
13 22012
23 9
27 1
19 227
18 204
22 4
16 1202
26 1
15 2902
13 2420
26 2
19 185
17 498
26 2
12 24624
15 444
18 434
21 72
23 2
16 2826
24 4
19 267
22 3
14 2372
20 168
21 4
17 944
17 158
21 10
24 8
12 12589
12 9333
21 82
21 30
23 8
14 12424
24 3
16 2092
14 2233
17 1440
18 111
27 1
25 6
12 9581
16 2362
18 287
26 3
19 346
12 22646
15 910
19 291
21 22
27 1
21 11
16 1144
27 1
16 2169
23 3
23 2
13 24256
25 3
16 3124
14 8707
14 5750
15 2806
27 1
19 133
13 17495
25 3
27 1
19 58
20 177
23 6
17 880
22 13
27 1
25 6
27 1
15 1530
20 183
24 9
17 558
15 5137
14 5253
25 3
24 10
16 2550
21 49
15 4624
17 728
12 1628
14 5396
24 1
25 2
22 27
13 24651
13 5607
25 6
14 2025
17 1499
20 82
22 14
15 933
20 7
15 2767
16 216
18 454
14 1047
13 4705
20 77
27 1
17 1159
22 33
12 8345
24 6
13 20217
18 147
12 14032
23 8
27 1
16 1185
21 54
16 1524
20 10
17 94
19 105
21 40
25 2
13 2769
17 850
23 13
26 2
26 3
18 21
18 807
17 511
26 3
24 8
13 24548
22 22
12 7542
15 1953
13 20437
12 9352
24 10
16 2121
17 629
16 2592
21 58
16 291
21 65
15 2206
21 46
17 914
18 592
14 3798
21 70
14 925
26 3
18 97
16 420
17 1473
15 397
24 10
27 1
15 1594
27 1
27 1
24 9
24 10
23 13
19 378
21 91
26 1
22 25
19 182
12 15932
12 12044
24 4
24 7
19 326
21 91
26 3
15 5290
12 6669
21 76
19 328
13 15557
20 140
25 1
23 19
23 11
21 20
26 1
22 34
26 3
22 38
12 15340
27 1
18 731
24 7
17 107
15 3533
21 74
25 6
21 97
22 25
22 2
19 330
18 55
14 7322
21 83
12 16308
27 1
22 39
12 6570
21 94
19 193
19 146
17 1359
13 23538
21 53
26 3
25 1
14 2704
12 30675
27 1
17 1089
12 23626
27 1
18 458
21 27
27 1
19 277
22 19
27 1
24 7
18 611
12 25374
23 10
13 2239
16 1904
19 336
22 25
16 1058
18 163
24 7
21 71
18 451
25 3
17 113
26 2
18 148
18 312
20 142
24 2
25 2
22 4
15 4797
13 7486
13 22694
26 1
15 3631
21 86
17 982
14 1959
12 9254
22 33
18 292
15 5642
25 4
20 23
26 3
23 6
23 8
13 3163
14 11324
26 2
17 551
12 30620
17 584
24 3
15 4161
24 6
17 72
16 1358
20 80
19 381
23 4
25 2
18 285
14 9834
25 6
26 3
20 22
18 653
26 3
17 50
17 269
22 2
22 12
13 23166
13 5361
14 4101
25 6
22 38
25 2
24 7
23 14
18 547
16 1545
15 4635
19 303
16 283
27 1
26 1
27 1
14 6947
12 25259
12 24893
24 7
21 48
20 71
19 262
16 612
26 1
15 3714
27 1
21 42
13 24111
20 68
27 1
22 2
12 6219
24 9
20 200
27 1
15 3320
26 2
23 10
27 1
27 1
23 4
15 3188
24 6
17 1136
21 96
17 517
15 2105
13 23080
26 2
17 731
27 1
26 1
20 151
13 847
17 447
27 1
16 2315
17 744
19 113
18 379
22 39
20 200
15 5214
27 1
25 7
24 4
16 3115
16 1004
26 2
12 21086
26 1
20 100
20 58
27 1
15 2018
26 2
15 2502
12 31192
14 8091
13 2457
15 2659
18 145
17 797
24 8
20 160
12 17951
13 3800
13 3990
25 7
20 82
20 157
16 1405
23 5
18 594
20 84
12 1404
18 652
24 9
23 7
26 1
25 5
21 32
19 365
15 5906
24 4
21 72
26 2
12 2598
23 7
13 9882
25 5
14 5212
26 2
17 1582
26 3
14 5593
17 1391
16 273
20 150
16 969
24 10
20 70
24 4
22 29
23 14
21 99
20 145
13 10080
17 992
21 9
17 1420
12 7923
22 31
19 144
23 17
26 1
19 191
27 1
22 29
23 18
14 4965
18 372
13 3375
15 4069
13 9106
12 25187
22 5
13 21405
14 9932
24 3
21 49
20 195
14 10678
17 1548
14 6114
21 83
21 65
12 16186
14 8359
14 3880
22 36
15 1947
15 2520
24 8
18 459
22 31
22 10
22 1
20 59
14 6280
22 38
26 3
20 158
12 19129
13 8041
17 1002
22 15
20 104
20 97
20 108
26 1
21 39
18 386
24 7
27 1
26 3
23 12
13 1812
18 777
25 6
19 225
17 523
19 352
21 60
14 8358
12 31347
13 3212
14 6080
16 1490
19 86
12 29748
13 17624
25 2
23 18
24 8
27 1
23 6
20 164
22 15
25 5
21 10
21 82
20 109
23 9
25 5
13 1559
15 4489
16 2398
19 51
14 6087
14 6644
26 3
18 420
20 50
22 21
24 8
17 509
24 3
23 13
26 2
20 138
16 618
27 1
26 1
14 12359
12 17384
12 8857
14 4612
12 13545
24 2
12 11260
27 1
25 4
14 1493
13 403
14 10626
26 3
19 163
25 7
18 69
18 392
23 3
25 1
16 2893
13 6269
24 5
16 112
24 2
22 22
14 861
15 956
27 1
19 6
14 11077
17 804
19 2
22 8
25 3
14 2858
22 35
12 23201
12 30652
26 2
25 2
16 1170
16 1696
21 73
25 2
23 4
26 1
26 1
18 51
19 149
26 3
18 130
26 2
18 180
13 4052
17 1111
21 5
14 5936
12 5113
22 36
17 19
13 1523
13 3761
13 5682
24 5
17 157
16 1529
15 1006
19 79
23 18
17 496
14 11068
20 47
25 3
27 1
27 1
25 6
14 8938
17 963
18 461
14 5207
23 7
20 172
26 2
26 2
18 335
18 485
24 1
14 6136
25 1
20 157
12 18270
27 1
18 141
13 16835
16 619
27 1
14 6148
15 5034
14 4253
21 68
12 6211
23 14
25 5
12 5848
21 82
14 5489
16 1846
14 8333
16 1071
25 3
16 2884
23 9
14 11039
24 2
17 559
14 9373
13 19562
25 6
23 18
20 158
23 12
19 128
16 1969
26 1
17 603
13 16869
26 3
26 3
14 558
23 6
12 25599
27 1
12 28332
14 6148
26 1
16 1862
20 108
27 1
20 123
24 7
13 6743
18 560
22 27
13 16908
23 4
20 94
23 12
22 7
18 489
16 93
12 30187
23 7
23 8
12 17770
20 196
14 3576
27 1
14 10915
27 1
23 4
17 702
24 3
25 6
23 10
23 8
21 80
19 34
18 508
22 30
16 2186
23 11
22 7
20 60
27 1
18 349
15 252
20 52
26 3
27 1
20 193
18 588
23 3
23 11
23 12
26 2
13 6639
22 31
23 12
16 16
16 2233
18 496
15 4393
23 8
17 368
21 37
23 10
12 1776
13 4516
18 607
16 680
26 3
13 14632
24 5
25 3
23 3
22 9
21 36
15 1140
19 392
24 7
15 5480
22 9
13 23638
16 962
26 3
19 330
16 1895
23 1
23 13
21 65
16 830
19 406
17 1512
21 14
15 1015
20 174
16 342
27 1
13 1865
22 32
24 9
26 2
18 636
20 140
25 2
17 662
20 142
17 247
14 1457
27 1
21 5
14 2256
16 1371
13 2101
19 7
25 7
19 96
13 24991
24 1
26 3
22 2
23 5
26 3
22 5
21 92
23 18
27 1
15 2177
25 7
21 54
24 6
16 816
20 160
18 784
27 1
19 139
24 9
14 2090
27 1
12 31872
14 12242
19 176
25 5
14 9592
17 1256
25 3
19 123
19 208
19 165
19 146
19 40
22 36
21 4
14 6036
15 6237
27 1
17 77
22 38
25 1
19 61
17 802
19 3
14 11438
26 2
24 9
22 5
24 7
27 1
21 90
15 3587
14 6249
25 1
22 7
25 2
17 1163
22 9
16 241
26 1
15 1551
14 11217
26 3
21 14
17 469
26 1
18 34
26 3
15 5195
16 943
20 4
18 693
25 7
15 3204
24 9
22 19
14 4153
21 25
18 460
23 8
24 2
12 24215
18 37
21 11
27 1
22 31
19 317
27 1
27 1
23 8
15 6232
15 1030
21 56
25 4
23 8
21 85
18 188
23 19
13 15723
26 2
26 2
21 64
13 3584
27 1
13 277
20 152
13 23841
14 6187
26 1
17 959
19 266
21 41
26 3
21 7
13 10182
16 2229
19 125
20 169
24 10
26 1
24 5
16 1934
12 19432
25 5
21 64
22 26
12 15177
17 525
22 24
13 22261
24 4
15 1175
15 5341
12 32073
13 4105
16 1010
19 236
18 44
17 134
26 2
16 1521
14 3733
26 2
16 754
15 2350
23 18
23 18
16 891
22 4
19 290
19 153
22 7
23 8
19 256
23 16
24 8
17 1499
19 170
23 9
26 1
12 28852
12 8818
17 425
26 1
15 730
19 76
19 370
18 772
12 14470
25 4
21 93
27 1
16 962
27 1
25 7
23 8
22 31
18 233
16 2922
20 140
19 11
19 48
21 14
14 2362
26 2
14 5829
18 26
12 24264
23 8
16 652
24 6
15 1741
21 43
19 289
25 1
24 6
26 3
27 1
17 1159
17 917
24 2
25 7
22 31
17 1009
12 4742
25 7
14 3207
27 1
17 233
22 26
23 10
13 20966
12 4015
19 354
14 3614
19 184
15 4118
18 274
27 1
20 202
24 2
15 5728
17 708
18 432
17 848
19 314
16 236
12 32370
16 1294
20 69
21 17
13 7335
22 7
17 738
23 7
12 25210
18 737
24 10
26 3
12 13412
14 7952
18 793
13 22507
27 1
15 555
20 20
14 11653
21 28
23 6
14 3177
19 265
17 822
20 150
14 3146
16 1227
17 524
15 5241
12 5893
22 9
20 127
16 506
13 6449
16 1837
21 33
24 6
18 217
22 24
27 1
19 92
24 6
12 19212
25 1
14 906
24 9
18 722
14 4284
12 24083
22 28
20 121
20 202
17 353
20 146
25 1
19 387
26 1
14 1769
22 6
13 6551
17 1464
14 11204
26 3
17 1567
27 1
23 10
18 441
26 2
27 1
12 9882
20 45
16 1161
15 4811
24 2
22 25
20 107
16 161
22 20
22 39
21 39
21 88
25 3
17 27
16 2510
15 2739
18 436
15 4606
25 6
27 1
15 3718
19 107
22 4
21 57
24 3
13 18538
19 12
17 201
18 90
26 3
12 22280
18 1
14 5123
17 657
25 1
22 24
25 6
22 2
27 1
22 27
12 19553
24 7
18 228
24 7
12 6088
21 80
24 2
15 1020
25 4
19 369
21 96
23 17
16 1555
22 32
27 1
12 3800
27 1
15 457
25 7
18 199
14 7503
25 3
27 1
12 10443
26 3
12 17766
22 13
23 7
27 1
13 5512
14 1634
14 12292
12 22977
26 2
18 575
22 28
16 1637
15 3784
13 4985
17 625
25 5
22 39
21 15
14 2127
19 147
17 218
13 1386
21 34
23 5
16 2975
21 16
13 22293
26 1
15 2087
22 40
24 3
14 8275
23 13
25 2
19 348
14 3332
26 3
15 5031
25 4
20 174
26 2
24 10
15 5740
21 41
17 1519
15 1065
23 8
17 1041
23 17
26 2
15 5713
22 11
18 543
12 8602
17 1550
27 1
15 1956
21 80
19 387
23 17
12 19225
14 12689
23 9
26 1
16 2266
16 806
26 2
17 395
15 6340
12 31099
23 15
21 3
24 6
18 279
18 399
26 2
25 7
13 6204
15 3492
18 66
24 7
19 279
27 1
25 1
25 6
24 10
16 914
25 1
13 21741
25 7
20 172
21 30
15 3809
19 9
25 4
16 536
23 13
12 24849
12 16941
21 87
26 2
22 19
23 9
15 726
22 27
18 702
17 282
17 1052
23 11
24 3
27 1
12 8680
23 5
18 205
18 564
14 8967
24 5
16 8
18 544
15 5263
26 2
19 375
16 666
20 29
25 5
21 85
13 17523
14 8097
14 12168
13 20676
24 9
26 1
12 29993
13 3936
26 2
17 1475
18 674
21 10
26 3
24 8
13 24347
16 534
24 6
15 2462
21 11
21 13
20 140
19 183
13 24730
21 11
23 5
14 1043
22 40
17 829
22 12
19 136
26 2
19 85
20 162
21 73
19 48
18 636
15 1478
16 2888
20 184
17 1268
16 775
12 18503
13 13899
14 2514
13 7855
15 1568
25 1
21 14
25 5
26 2
17 1021
12 26005
17 94
25 3
25 3
23 15
14 9407
21 39
16 688
20 67
23 14
20 192
18 520
14 8981
14 3001
21 80
23 6
12 13317
17 147
22 18
20 19
17 711
25 6
16 3088
23 19
27 1
12 10643
24 1
12 908
23 7
12 17879
14 10754
13 13722
25 5
24 5
16 31
12 9144
22 37
24 7
22 12
25 5
12 17805
19 113
21 56
16 2124
22 5
27 1
14 11065
26 2
27 1
13 3974
13 2982
26 3
14 4998
20 54
13 10427
15 1603
14 4844
21 8
17 112
22 2
21 1
18 648
27 1
23 8
26 3
26 1
23 19
21 60
17 1168
21 25
15 5808
17 1155
24 10
26 2
22 8
22 13
27 1
27 1
15 1629
12 11452
15 5311
21 34
21 36
22 22
24 8
18 154
19 221
22 26
21 11
25 4
27 1
23 9
16 1854
27 1
17 842
16 1039
16 2402
22 31
16 292
21 87
26 1
20 120
17 133
23 3
26 2
27 1
25 4
18 277
12 8849
13 12687
25 4
12 15222
23 4
23 8
14 6926
26 3
14 9922
19 295
17 810
12 3181
16 1240
24 6
22 25
14 3125
23 15
23 7
15 1848
24 7
27 1
14 862
25 3
12 19237
14 4930
23 10
27 1
13 23675
16 317
23 4
12 3418
20 103
26 1
18 717
12 24550
27 1
20 138
20 50
23 10
20 154
18 76
23 6
24 8
17 50
17 1470
17 1068
18 714
12 30943
12 9395
21 40
22 30
14 339
27 1
16 234
18 439
26 3
16 1829
12 25004
15 4139
17 1562
27 1
14 2323
16 2585
14 11385
21 16
25 5
23 11
25 1
22 1
27 1
17 372
22 22
18 220
13 25317
23 15
20 15
22 31
22 21
14 5204
17 1102
13 18535
22 10
22 39
19 214
15 4075
13 23501
13 13491
15 5179
15 4592
20 92
27 1
20 20
26 1
16 1162
21 47
14 3803
13 10934
20 70
27 1
21 42
13 4780
13 3793
12 10730
13 3894
15 2080
22 18
16 641
23 14
16 2077
21 73
27 1
12 32194
27 1
26 2
15 113
23 4
24 10
21 96
24 4
26 3
26 2
14 7166
15 6064
21 68
14 6588
12 17839
26 2
21 55
17 644
17 96
25 4
16 165
25 1
27 1
24 4
12 3675
24 6
18 441
17 1496
24 3
14 6108
14 5978
25 6
15 5423
22 4
17 674
16 2865
26 2
22 2
23 16
20 165
12 31815
18 498
27 1
13 4538
22 25
23 18
19 163
16 201
18 355
18 114
17 405
14 4427
26 3
25 5
18 476
20 56
17 644
14 9383
17 847
27 1
23 8
18 462
19 356
24 4
24 4
13 17675
26 2
26 2
27 1
25 4
20 6
17 874
21 48
22 22
27 1
19 386
21 78
21 18
21 61
23 9
23 7
16 2737
20 34
13 7422
19 368
14 8643
21 37
17 92
14 6226
17 124
18 729
14 4184
22 39
26 1
18 278
23 7
24 4
18 399
22 14
13 18424
27 1
16 618
12 10479
14 9156
20 98
24 5
14 10896
18 623
18 744
24 1
18 322
15 5008
18 185
27 1
25 2
20 49
27 1
23 5
18 181
15 6350
16 1715
17 1236
23 2
25 3
19 18
23 7
12 9134
23 1
14 7675
19 7
21 38
25 2
26 1
12 8783
15 5956
13 21559
26 1
22 39
20 192
26 2
15 5147
15 4868
25 5
23 12
20 37
18 639
18 217
20 64
17 263
22 29
26 3
14 5188
26 3
14 6472
14 5125
14 1881
15 36
24 8
17 705
24 3
27 1
16 745
23 1
13 8331
24 6
13 2227
12 4514
12 21749
23 14
17 718
12 22972
27 1
26 2
27 1
27 1
16 2432
13 17356
22 16
13 8591
13 10402
22 5
25 2
13 20952
13 2931
26 2
23 12
23 3
26 1
26 3
15 4885
17 1187
25 5
16 2657
27 1
27 1
27 1
20 102
18 421
21 73
27 1
27 1
24 2
23 4
20 14
20 85
12 12680
24 7
26 3
12 32419
23 12
26 2
14 7728
26 1
17 375
27 1
13 628
18 187
13 20815
20 82
16 1953
19 325
26 2
27 1
12 891
26 1
18 419
18 706
16 1580
15 5062
13 15860
24 9
12 328
22 18
13 17663
21 99
22 20
13 25015
17 248
16 1675
21 53
18 460
20 110
27 1
25 1
12 19962
14 8801
19 196
14 3898
15 6011
16 3122
19 364
15 4106
27 1
26 3
16 1685
15 5970
12 2424
22 27
12 3236
15 1683
25 2
12 14163
21 13
13 8029
23 13
14 1555
21 65
17 339
21 83
27 1
18 627
16 257
15 5647
15 6051
14 11240
12 23233
14 1721
15 3735
22 22
16 2192
20 37
15 2517
21 30
22 20
18 269
14 5740
16 2623
18 348
20 96
23 6
25 7
23 4
18 303
16 507
14 6051
15 2929
15 856
12 19918
25 3
21 85
27 1
26 3
15 198
13 4055
19 285
22 12
20 194
24 1
14 2128
21 73
20 191
18 177
15 2822
12 14542
25 5
22 5
24 3
24 10
26 1
23 19
19 314
20 36
24 8
23 2
25 4
24 10
17 1178
18 110
14 5055
23 13
15 5221
17 691
16 1181
14 4438
23 2
26 1
13 6859
26 2
13 123
12 26964
12 25621
16 625
12 7956
21 8
17 370
21 92
17 1333
15 5165
12 11499
22 19
15 3616
12 7025
25 7
15 833
26 2
16 907
15 2071
22 27
15 3135
21 41
19 15
14 9782
23 6
22 15
20 77
23 16
26 3
23 7
14 7328
26 1
24 6
25 6
26 1
16 69
16 2102
25 6
26 2
27 1
27 1
16 193
16 1066
25 1
15 1647
18 277
22 33
22 13
15 645
17 813
20 126
24 2
23 1
26 3
15 2809
18 643
19 394
20 106
23 5
20 139
23 18
22 15
22 24
24 1
22 12
15 1424
22 37
21 72
14 1667
14 7445
26 3
13 20229
24 3
26 2
18 796
16 2269
26 3
25 1
25 3
25 3
22 25
12 23661
24 2
15 669
27 1
15 4906
18 229
19 42
17 326
27 1
24 5
22 14
15 1943
21 29
21 87
18 339
23 1
14 2630
17 793
14 7054
23 3
19 277
16 1445
12 32420
23 6
13 22735
18 220
13 8707
16 746
17 542
19 97
26 1
17 813
15 837
26 1
26 1
25 7
20 190
12 31885
17 572
18 98
26 3
24 4
13 3235
18 224
21 39
27 1
25 7
27 1
22 29
27 1
12 7032
26 2
25 7
13 12285
24 1
26 1
25 1
18 119
14 4400
16 2846
25 1
20 191
23 1
14 1634
27 1
27 1
26 1
18 785
27 1
13 7127
27 1
22 36
18 260
23 4
24 5
16 1095
22 33
23 7
12 28421
18 177
22 39
20 86
14 1460
25 6
16 1410
17 1328
17 1160
15 5949
13 7313
16 3047
20 30
27 1
18 485
27 1
17 754
14 3380
15 2451
27 1
16 627
22 9
18 182
20 2
18 235
13 24337
19 244
21 48
25 4
24 1
23 16
26 2
13 23607
27 1
15 3843
27 1
22 25
18 355
24 6
12 30187
23 8
23 1
27 1
13 18067
14 3389
17 1410
12 6118
26 2
24 5
16 1555
13 12117
26 3
25 2
20 157
26 3
18 791
22 29
22 38
13 8264
17 60
14 3193
12 20805
25 5
19 290
26 2
23 14
17 855
17 1197
18 495
21 60
16 2914
13 2424
25 7
18 311
17 323
25 2
14 2026
17 995
23 16
15 2951
27 1
22 4
19 238
23 13
24 3
13 21930
19 108
23 9
23 17
18 404
15 2000
12 18934
23 13
25 2
12 11920
20 152
20 176
21 33
27 1
22 25
19 350
20 70
25 7
21 83
24 6
15 4197
15 2641
19 400
18 754
12 6869
18 450
26 2
27 1
14 1398
18 811
20 29
27 1
17 989
12 26549
18 679
20 129
17 410
26 2
22 4
22 20
18 508
16 206
27 1
26 3
23 19
15 5205
25 1
25 1
13 1943
19 295
20 17
20 50
15 1106
23 12
12 6060
27 1
18 361
14 11016
13 12168
24 10
25 7
26 2
14 1586
19 231
16 2934
23 15
20 135
15 5451
18 728
14 2415
14 8815
25 4
21 37
20 174
25 5
14 1911
27 1
27 1
27 1
19 173
17 642
14 11716
26 2
12 25771
18 12
23 8
20 7
24 3
19 166
27 1
22 4
18 637
22 40
26 3
24 5
16 1344
25 6
18 39
13 23023
22 23
23 3
26 2
22 30
17 391
20 37
25 4
14 7959
14 11001
18 644
15 214
12 8472
18 514
16 2048
25 6
22 15
18 245
24 4
16 753
27 1
27 1
15 3383
24 10
22 38
25 2
23 8
19 195
16 2477
18 80
14 4088
13 7835
13 6232
25 1
14 90
16 929
12 3225
14 6145
12 17061
15 3803
25 6
27 1
12 10454
13 15779
12 27697
22 32
26 2
21 98
25 7
20 75
16 1628
18 497
16 2454
18 414
21 87
23 2
13 19843
12 15979
26 1
21 61
24 3
24 2
13 18388
26 1
19 398
26 3
23 18
14 2907
17 1461
15 1675
16 1639
22 27
27 1
20 77
24 5
19 170
27 1
15 933
14 3967
18 536
19 128
19 340
27 1
12 3766
21 93
14 1584
22 39
22 34
27 1
12 13644
16 3131
16 860
13 6234
19 152
22 35
23 10
17 429
23 9
20 105
21 73
20 157
22 32
14 12109
13 5114
20 199
27 1
24 4
18 584
24 4
12 31205
13 14852
16 944
20 37
14 2758
25 3
15 2292
24 7
15 4295
18 648
21 47
15 1896
25 2
24 10
19 149
18 6
19 237
27 1
21 68
21 30
17 360
19 59
20 39
23 6
17 1114
24 5
22 28
20 137
14 10563
26 1
26 2
20 41
15 1897
23 5
14 204
27 1
22 14
26 1
27 1
25 6
20 114
24 2
22 13
26 3
18 327
20 133
15 1506
22 28
24 4
26 2
20 41
15 970
23 12
21 54
13 6351
24 7
16 684
27 1
15 5180
26 1
14 7341
14 2139
27 1
15 3449
22 2
12 16097
13 19976
25 1
27 1
13 1855
16 2260
26 1
14 10557
25 6
23 14
12 30467
24 1
18 376
20 157
24 2
17 516
20 156
19 98
17 1514
27 1
26 3
14 5007
24 1
21 88
26 1
24 9
23 13
26 2
22 1
20 110
24 2
17 890
27 1
13 10761
14 4215
13 13348
20 25
14 7575
25 6
13 23890
21 18
25 1
20 4
27 1
18 761
18 458
25 6
15 3533
25 3
20 64
25 6
27 1
18 426
24 4
22 14
14 11903
19 410
19 146
27 1
20 134
16 555
22 19
17 756
18 749
21 77
14 12636
26 1
12 3041
12 17888
20 163
23 10
17 1424
12 24367
12 14915
20 45
27 1
22 40
24 1
24 3
18 34
24 3
21 44
24 10
24 10
12 31059
26 3
19 115
12 3665
24 10
14 4009
22 24
26 3
13 21801
17 1089
24 8
23 7
26 3
15 4712
12 1569
23 14
24 2
19 291
20 152
25 4
14 11804
16 1742
26 3
23 16
12 7484
23 17
23 4
25 7
18 185
22 14
14 907
18 345
25 4
21 5
16 2876
15 203
22 11
26 3
23 12
12 14261
13 3505
20 14
13 11372
17 1042
25 3
17 984
21 35
15 1953
23 3
26 1
15 632
22 8
26 3
20 116
23 7
17 350
22 8
15 5015
20 156
22 39
23 3
25 6
26 1
24 6
25 2
26 1
26 3
22 18
16 1091
23 4
16 841
12 27029
15 2965
16 1312
18 326
16 2093
20 36
20 190
21 43
20 14
24 1
27 1
25 3
24 3
17 376
25 4
26 3
23 10
17 121
16 691
16 2259
23 7
23 14
12 28722
14 7060
27 1
27 1
22 5
20 112
19 215
20 41
20 128
14 2500
24 7
20 164
21 39
21 79
19 63
25 4
24 8
12 442
22 2
12 4834
20 82
18 220
15 2387
19 258
15 2316
20 149
25 1
16 1299
25 1
26 1
13 19150
17 1339
16 375
24 6
27 1
17 135
12 2327
12 16030
20 155
20 52
18 752
20 88
18 175
12 19259
19 169
23 4
27 1
25 3
12 13196
25 5
20 166
18 81
22 29
26 2
26 2
15 5820
22 4
22 39
25 7
17 58
27 1
20 131
23 19
23 16
21 86
24 4
24 4
25 1
26 3
19 68
26 3
13 18852
17 919
17 389
23 2
23 9
26 2
24 6
24 2
19 404
17 392
13 207
15 4855
12 31028
17 362
16 940
26 3
22 12
13 6201
13 7133
21 72
21 11
22 35
12 14776
22 13
22 38
26 2
16 3057
17 1476
19 284
17 1535
25 6
20 82
18 758
17 1039
20 1
26 2
21 75
25 5
23 3
26 3
24 10
23 11
24 7
23 1
24 10
20 194
22 32
15 5184
24 5
21 58
12 30036
14 1016
12 27441
26 2
19 310
27 1
17 357
17 1225
14 7906
23 14
17 1128
17 1321
14 1999
19 59
18 209
17 879
14 1752
25 5
21 11
17 539
22 35
16 1135
25 2
14 10205
26 2
27 1
23 12
16 358
26 2
25 3
21 68
14 10207
17 9
20 73
22 23
22 38
24 10
19 362
23 12
24 9
19 409
26 1
17 919
26 2
17 150
23 9
12 16490
18 90
14 3747
21 61
24 1
18 641
19 97
12 18991
19 73
21 17
18 220
13 3562
24 7
21 5
12 14926
23 11
13 5906
23 18
13 16826
22 34
18 570
12 29494
13 2068
17 642
23 17
15 3243
15 2116
26 3
20 11
27 1
19 307
16 1783
17 1025
20 77
22 24
14 162
13 15515
27 1
15 4319
12 31216
25 7
13 15428
17 1015
27 1
13 906
19 44
14 4620
26 2
15 3630
18 60
16 880
22 32
17 333
25 1
16 1692
19 370
18 413
24 8
17 1248
22 27
26 2
21 11
20 67
14 5377
16 1667
23 12
20 186
20 152
22 6
14 6895
25 3
16 1537
25 7
22 8
23 7
21 29
20 98
26 2
14 4871
18 267
12 17297
13 23599
26 3
18 510
19 112
16 2108
18 687
26 3
23 3
17 732
27 1
16 1458
19 40
24 10
20 105
16 1657
27 1
26 2
25 7
22 4
17 306
25 7
18 776
26 2
20 121
16 94
20 182
13 7086
14 35
25 6
13 12907
15 3924
20 116
24 10
26 3
26 1
24 9
16 1213
19 118
22 18
24 2
27 1
27 1
21 56
14 4679
20 20
18 484
23 6
16 1746
15 4652
21 50
21 62
15 2066
13 17060
26 1
24 6
26 2
26 2
23 3
17 1546
27 1
17 350
27 1
16 9
22 26
21 45
17 823
16 1546
15 4983
24 6
18 502
23 16
19 53
22 17
17 1357
24 5
12 4504
24 2
15 3182
19 181
16 2658
20 60
23 3
17 47
16 1631
25 2
17 1545
27 1
27 1
21 67
17 669
18 446
26 1
18 628
23 9
22 5
20 117
18 764
15 480
18 721
25 5
25 6
16 513
12 25830
25 4
17 1272
15 4052
24 9
13 1538
21 90
27 1
19 62
26 3
25 6
16 3151
26 1
19 6
14 8540
23 1
19 388
22 17
17 989
18 640
16 1057
12 20103
27 1
18 797
17 1064
12 8724
16 1118
19 152
17 1168
22 31
18 612
13 19804
22 29
26 1
14 7003
19 410
20 122
16 759
27 1
21 92
24 8
16 2837
16 1931
16 1435
15 5615
26 3
12 27415
27 1
15 4196
12 15380
14 9788
26 3
27 1
17 204
13 5612
12 12733
17 792
14 8485
15 819
15 3297
13 6050
22 23
21 21
25 3
21 31
21 66
27 1
14 8778
13 20884
23 5
26 1
15 4773
18 136
16 412
23 4
23 2
17 1312
19 342
19 262
14 8878
16 525
13 1070
27 1
24 2
18 688
25 6
24 4
21 56
21 61
12 18455
15 965
17 1516
21 24
24 1
16 119
19 278
25 7
27 1
24 2
16 714
18 534
16 125
17 628
23 5
17 1263
27 1
15 2664
20 98
16 518
14 1007
19 370
16 2757
22 40
24 10
25 5
13 13005
22 17
19 245
12 24572
12 17584
14 2427
20 94
15 929
25 7
26 1
13 20247
20 159
12 31717
17 1219
12 8299
23 1
24 8
21 29
27 1
17 986
14 1074
21 11
16 2259
23 11
24 9
12 6756
13 970
27 1
16 2164
17 1385
15 1895
24 2
25 6
23 15
16 2563
24 2
19 185
12 27731
23 16
16 2466
25 5
12 9846
21 24
16 1944
20 202
14 7025
24 6
22 15
23 10
20 127
26 1
26 3
19 158
13 292
17 42
17 1178
19 319
20 190
14 793
12 10666
16 1259
16 2786
16 1964
24 2
12 12746
20 118
16 1458
14 8451
24 5
15 3353
21 9
18 428
15 1597
27 1
16 544
22 40
27 1
16 169
14 102
22 40
13 18076
16 469
27 1
27 1
24 10
26 1
12 28694
27 1
21 73
25 7
18 426
22 16
14 1898
21 33
12 5616
24 4
21 48
15 971
19 37
12 11966
27 1
22 4
13 25503
20 201
12 1860
23 10
13 2815
20 173
16 1468
22 4
16 814
23 13
26 3
24 10
15 1089
22 37
27 1
12 24756
18 555
22 6
13 3571
27 1
25 6
24 1
26 3
13 16050
18 302
25 6
21 97
22 12
24 6
18 321
14 8577
18 134
17 252
24 6
16 894
15 2964
13 3673
27 1
20 171
18 423
12 29117
24 9
14 3256
14 478
22 16
25 1
13 5552
18 811
18 262
18 234
13 13210
26 3
18 589
20 134
22 26
27 1
20 80
27 1
12 16246
25 3
16 1199
18 599
15 2462
19 385
15 588
12 15353
27 1
20 112
16 124
26 1
23 16
18 398
18 525
26 1
24 10
16 47
16 2003
21 18
13 8203
14 10213
14 7143
14 6602
19 85
21 87
14 7237
24 7
16 40
14 7972
16 1095
14 6020
26 3
26 3
27 1
26 1
15 685
25 4
23 10
17 362
12 28382
22 38
22 14
19 379
25 6
23 12
20 172
13 7531
25 5
15 2003
12 20347
25 7
12 1746
14 6246
20 80
27 1
15 3697
13 24750
13 21330
20 138
25 2
21 54
22 20
17 1017
14 1783
23 10
25 2
27 1
14 571
19 167
27 1
22 26
20 1
20 117
14 11272
20 43
25 4
16 1999
16 553
17 61
17 1471
27 1
27 1
23 3
27 1
18 314
21 52
25 3
19 205
18 511
15 5332
26 1
17 333
17 378
24 8
21 87
25 3
17 1447
25 7
21 94
27 1
18 119
25 7
13 14414
19 30
15 4275
25 3
14 1246
24 1
15 3344
23 14
22 22
15 5963
19 323
13 32
13 7311
23 8
12 11642
16 1760
24 1
13 4478
20 177
20 79
24 9
23 14
17 189
20 182
26 2
27 1
24 5
13 5682
23 4
23 14
22 2
18 174
20 110
24 10
23 10
23 6
17 147
22 28
18 412
25 1
27 1
20 80
24 8
17 1006
12 22717
19 335
26 2
23 10
23 9
14 6076
18 504
27 1
15 699
13 5940
23 14
27 1
16 750
20 158
12 22380
19 81
18 471
18 575
15 6229
22 40
27 1
21 80
12 12878
23 19
12 10138
19 251
25 4
21 71
17 249
16 1215
26 3
24 3
19 278
13 24361
13 4910
24 8
24 6
21 80
13 2162
21 62
15 3856
17 1137
17 1460
13 12445
22 34
19 403
12 18590
27 1
22 14
12 15921
12 10734
20 154
20 85
24 4
13 18403
27 1
16 2864
14 5792
22 27
12 4334
24 5
19 242
25 3
19 266
20 202
22 13
21 2
20 135
25 3
20 35
21 18
17 253
24 6
19 348
16 98
26 1
13 4486
25 2
25 3
23 3
19 353
20 168
15 4418
14 2513
13 14836
18 738
12 25935
17 1398
13 128
24 4
23 5
14 7533
15 5741
13 19476
20 69
15 409
13 4579
14 5903
17 116
26 1
26 3
25 2
26 2
17 661
25 2
21 12
20 176
17 1286
21 79
22 36
19 159
21 94
24 3
12 1058
21 89
18 152
23 19
18 286
23 7
26 3
19 302
17 713
13 665
27 1
23 10
13 7133
12 9122
15 4368
15 3603
21 76
19 265
12 15561
13 24092
21 72
27 1
19 332
19 94
21 71
12 4520
19 408
14 11612
26 1
25 7
22 36
23 17
18 292
17 375
16 1414
18 398
25 6
14 11433
21 39
17 198
25 4
24 7
18 393
16 2764
20 195
17 492
17 669
25 5
26 3
25 6
24 4
16 666
24 1
25 2
24 10
22 4
20 128
25 4
16 3073
23 7
20 108
13 21284
25 5
14 10816
22 12
17 491
26 2
14 9176
24 9
19 252
20 49
24 4
15 4944
24 4
20 105
26 1
18 141
19 120
22 35
12 27701
14 4465
19 108
15 3716
20 43
17 1180
20 43
16 1467
17 1033
18 207
27 1
24 1
17 204
21 10
13 6517
16 2248
13 8624
26 2
23 4
14 11367
26 2
12 25464
20 188
21 57
24 1
20 148
12 10250
17 1333
21 16
22 20
17 978
14 11900
25 6
17 80
19 131
16 2384
24 2
17 1062
12 371
26 1
21 8
15 3385
18 118
26 1
12 11930
13 499
25 5
25 7
22 35
12 21399
17 412
13 20701
23 13
24 10
18 308
25 7
17 498
24 7
21 54
25 7
16 301
17 349
13 533
25 6
13 8410
19 76
23 13
13 19264
14 2437
24 8
16 2487
24 6
18 48
26 3
14 7193
23 5
24 10
12 1562
19 207
21 54
23 1
13 5601
15 609
23 3
21 33
26 2
13 8296
15 2345
18 373
27 1
19 177
12 2331
12 30258
19 240
21 55
22 29
27 1
19 18
16 257
20 190
20 91
22 28
17 1335
24 3
24 8
20 143
14 10315
15 5248
20 180
17 1051
25 4
19 277
17 1036
13 4379
19 56
27 1
19 368
19 144
20 82
25 5
12 8837
12 21057
22 18
25 1
25 5
12 23601
25 3
22 30
17 1224
18 589
14 8619
22 21
27 1
26 3
15 4029
26 3
23 9
13 17374
19 271
17 602
17 1424
13 16944
12 12025
21 25
20 107
27 1
27 1
27 1
19 295
19 195
25 5
21 80
15 6088
13 18474
13 3569
17 663
22 35
12 27352
27 1
25 4
16 458
16 1281
17 954
18 640
19 271
22 20
25 3
16 717
14 11635
20 66
12 9136
15 5957
15 2225
16 3030
12 26025
25 4
15 5618
24 10
24 7
21 2
19 144
26 1
26 1
20 123
27 1
27 1
25 5
19 36
20 169
18 534
25 5
14 11138
24 4
13 16697
24 3
26 2
27 1
23 9
17 328
24 3
14 11389
26 3
27 1
23 12
14 1142
25 3
25 3
16 3149
19 18
20 195
25 2
25 4
20 55
23 4
23 8
21 84
15 5498
25 2
26 1
17 1135
19 377
15 2881
20 167
22 3
25 5
24 10
20 158
12 24538
20 172
16 456
21 67
19 149
23 5
15 1582
14 6553
26 2
13 11139
26 2
18 594
26 1
16 3010
15 5610
16 1877
25 3
21 35
27 1
18 31
25 5
13 105
22 24
15 3339
25 6
19 91
19 134
27 1
17 219
18 736
18 799
21 30
25 7
14 1629
16 2479
22 9
17 1577
24 7
19 260
22 7
23 3
13 16148
17 1564
24 6
22 23
22 27
25 2
27 1
19 94
24 5
22 21
25 6
17 945
18 353
17 803
26 2
12 26002
20 94
13 22689
16 197
15 744
20 197
27 1
26 1
16 1916
25 3
22 33
19 309
17 179
19 379
22 22
19 301
15 6046
14 7096
15 387
27 1
21 8
21 94
17 529
27 1
24 2
27 1
23 9
13 6576
26 1
17 305
27 1
25 1
26 3
21 4
14 4381
17 308
16 2630
15 3975
18 746
20 162
19 234
20 173
19 233
14 6076
20 86
22 23
23 9
20 20
19 410
16 2912
19 253
26 1
23 17
12 6230
24 3
15 3989
24 4
14 1902
16 1582
14 620
23 3
24 4
19 220
13 21782
18 356
23 15
22 14
15 353
19 223
19 79
25 4
19 266
16 328
17 546
22 13
21 33
26 2
17 763
23 2
26 1
16 2410
18 728
15 2671
23 2
12 13796
12 31366
13 4899
25 6
18 242
19 14
15 2204
27 1
22 38
25 4
27 1
21 69
21 59
26 2
21 74
26 2
25 6
15 1081
14 7404
23 10
24 5
14 12053
17 19
25 5
19 258
22 34
22 18
21 16
25 2
21 4
17 52
16 341
19 145
21 43
18 688
23 6
24 10
24 3
21 7
21 55
24 1
18 619
17 1391
19 132
19 230
13 25456
27 1
17 1543
18 302
20 143
18 527
16 2971
26 2
27 1
18 400
25 1
15 6262
19 51
19 233
21 25
12 13564
25 7
26 1
21 71
13 24186
22 23
21 38
26 3
24 7
14 11608
17 694
12 4034
13 18236
19 175
22 30
21 86
12 28079
17 812
23 12
21 61
13 18015
18 291
20 26
13 25346
24 5
26 1
26 3
23 9
13 2015
25 5
16 707
25 5
26 3
14 5397
25 4
24 4
26 3
16 613
23 18
17 172
19 244
21 35
20 56
16 1200
21 98
14 6083
25 3
27 1
15 4307
22 22
26 1
22 8
12 23603
25 1
22 13
15 525
16 2193
25 4
25 7
17 145
14 7179
24 1
27 1
19 312
19 352
19 199
16 631
23 6
26 1
19 325
24 10
14 6998
24 5
13 13381
14 4390
17 1039
15 5233
17 804
12 9211
23 2
14 12287
12 16976
19 133
20 36
13 3103
24 3
22 39
22 22
19 116
25 2
14 5059
24 6
17 567
16 1229
20 191
17 1015
23 10
25 7
13 18076
19 42
12 31650
15 1202
23 8
15 1249
24 1
21 12
15 1483
14 5241
12 1829
13 13378
13 21687
23 3
23 8
19 349
20 52
14 6916
17 379
16 1219
20 170
17 1234
16 2572
25 3
26 2
27 1
24 8
16 2477
13 1330
19 248
21 33
16 1194
17 1446
12 24405
18 239
19 165
21 64
21 21
19 235
14 4628
23 10
24 8
12 22957
17 643
13 4304
12 22236
26 2
26 2
27 1
21 2
23 5
17 1482
18 155
17 36
25 7
27 1
13 1518
12 24964
17 1242
25 6
20 83
27 1
14 5255
24 10
27 1
18 31
25 2
17 78
18 523
15 5262
25 1
24 10
21 16
15 2434
15 2648
15 4383
27 1
22 35
25 4
18 91
25 5
25 2
16 245
26 3
14 836
22 20
12 4071
13 11506
23 14
25 5
13 24653
27 1
26 3
23 15
18 161
16 2422
13 838
20 81
20 160
23 6
14 3281
15 5770
26 2
18 738
26 3
18 419
20 145
21 33
25 3
21 40
18 596
27 1
14 4351
26 1
12 8642
13 808
25 6
16 3016
26 2
16 1022
23 19
19 145
12 8835
21 45
15 34
24 7
16 635
25 2
21 7
19 221
17 1436
21 23
25 2
19 166
21 7
14 8999
22 9
18 795
12 20088
20 80
21 11
24 6
22 4
20 179
25 6
23 1
27 1
24 10
19 273
15 6107
18 271
20 20
14 5256
25 5
13 18144
25 3
19 267
14 853
26 1
19 271
20 63
15 4904
18 63
13 20723
18 133
12 4262
27 1
26 1
24 8
15 6215
23 13
27 1
16 2457
16 460
20 137
14 3215
12 20674
18 466
13 435
12 5593
12 20135
18 321
22 39
24 4
12 10610
13 13483
18 543
21 48
21 75
24 10
14 2747
14 6301
25 6
23 4
21 49
13 4403
26 3
25 1
12 15141
23 15
18 354
25 1
21 85
12 2742
25 2
13 24995
14 9743
25 3
21 61
24 3
17 1189
24 10
19 114
26 2
20 177
13 8679
17 1201
13 15804
25 2
25 2
22 5
23 2
13 13303
25 7
22 5
13 8829
26 1
22 25
16 3018
12 3720
23 12
20 166
18 482
16 13
21 38
21 62
18 534
15 2118
18 682
21 39
20 134
12 9707
24 1
14 2394
25 4
23 1
13 18838
19 88
12 10804
26 1
18 223
23 19
22 29
27 1
22 13
21 53
25 4
15 4734
19 37
24 1
22 36
19 131
13 2620
19 340
25 3
19 248
24 4
23 17
25 2
21 61
17 38
18 727
27 1
13 7054
18 364
12 25884
14 473
24 9
16 78
26 2
15 2664
19 12
15 3330
13 17444
20 9
20 94
27 1
18 244
19 162
14 7018
14 7800
18 97
26 3
15 2122
14 1720
18 619
22 31
19 179
14 7796
18 508
15 1461
16 2667
27 1
15 6124
24 3
26 3
14 398
19 121
18 651
15 1475
15 1144
17 846
24 5
26 2
14 6440
12 12450
17 1444
17 416
26 3
16 2306
19 119
25 7
12 32282
21 41
13 7371
15 4426
26 1
17 1106
27 1
15 319
23 16
21 39
20 121
16 930
15 213
13 3213
12 5232
20 111
14 2999
18 501
20 109
26 2
24 7
26 2
23 2
13 16544
16 1672
20 197
13 5551
20 159
19 163
14 8042
27 1
17 921
12 21301
17 259
15 6253
21 88
17 1089
18 695
22 39
25 3
18 428
17 891
23 7
20 142
14 5278
12 13179
23 11
26 1
16 864
27 1
21 81
25 2
12 16423
19 385
14 3166
12 23361
21 7
20 115
24 3
27 1
24 6
13 502
25 2
22 15
16 3149
22 38
15 3329
15 161
18 316
19 234
23 12
15 4317
16 1238
22 26
25 1
14 779
24 2
27 1
24 5
14 10990
21 8
12 18319
21 85
14 2534
27 1
12 15257
27 1
25 7
12 7540
14 1779
18 664
22 21
23 14
13 2695
14 2099
24 7
22 20
19 111
14 9530
14 9949
14 6685
21 66
16 928
18 614
17 909
20 112
26 2
12 8023
13 657
27 1
17 1058
14 10256
12 15099
21 61
20 106
23 2
20 173
23 18
15 1173
18 195
22 12
16 1925
26 1
23 1
17 1566
14 3854
25 1
23 18
15 741
26 3
12 17741
18 2
21 80
24 7
15 2009
18 608
21 43
26 2
26 3
15 1351
12 2730
12 15856
16 2332
27 1
22 11
24 1
17 1503
21 18
24 5
18 437
25 4
25 2
19 248
27 1
17 382
12 6744
22 4
15 1797
12 11439
18 775
27 1
25 7
25 1
26 3
22 6
12 26354
21 43
14 11043
27 1
25 5
24 6
22 8
23 14
14 3800
21 40
21 57
19 143
19 326
13 18693
24 9
23 9
14 6705
27 1
27 1
19 86
14 3726
23 3
22 39
22 35
17 1204
21 80
26 3
25 3
16 2469
21 39
23 1
18 239
16 372
18 42
24 1
20 141
17 74
21 23
19 250
12 5961
17 1193
18 608
27 1
19 319
24 7
24 8
15 188
17 1220
26 1
19 91
27 1
22 13
26 1
27 1
21 42
16 2907
20 140
21 50
15 2679
26 2
17 194
15 477
25 6
25 1
21 69
22 29
14 3834
16 2754
18 799
17 1485
20 60
27 1
20 107
21 39
14 12091
22 28
20 167
17 1188
12 3426
21 66
24 5
18 361
23 19
27 1
15 5521
15 543
24 3
21 37
24 2
27 1
16 1603
14 12146
26 2
24 3
16 3092
27 1
27 1
16 467
16 1599
14 1453
27 1
12 15830
26 2
22 10
24 10
15 4965
14 12060
27 1
26 3
26 1
13 15062
20 181
22 29
24 3
16 1632
19 204
13 76
17 1159
16 2603
21 79
12 4956
25 6
15 636
21 24
12 22879
15 625
27 1
24 10
17 248
17 49
16 726
16 1358
13 13207
21 90
20 21
27 1
13 22518
16 2114
27 1
19 268
24 10
17 1200
18 429
14 4438
21 37
20 143
22 6
13 11575
20 171
17 1376
13 2031
16 507
17 526
13 12447
26 1
14 9099
23 14
22 32
27 1
15 4701
25 3
25 6
12 18024
20 177
24 7
13 18332
19 290
27 1
18 567
23 18
20 172
14 7288
15 3427
23 8
13 19753
19 143
21 2
23 15
25 7
27 1
19 366
17 1070
15 2007
21 20
23 16
24 9
18 186
26 2
26 1
27 1
16 2307
17 20
17 368
23 4
21 31
27 1
12 20101
20 182
23 10
22 12
24 9
22 23
26 1
27 1
15 5831
27 1
12 31880
18 753
21 15
17 1182
24 4
27 1
27 1
15 2591
21 13
21 78
14 3421
25 2
22 32
25 3
22 33
15 4010
26 2
14 3579
26 3
13 9807
27 1
20 8
24 3
26 2
16 2323
27 1
15 4398
27 1
13 1566
12 8059
24 10
15 6261
16 2851
12 75
22 10
18 479
20 46
14 12116
12 18766
12 24680
17 882
16 1980
21 62
18 749
23 7
27 1
27 1
18 404
24 7
21 53
19 65
25 1
13 15775
17 598
13 13980
14 972
14 512
27 1
23 17
22 3
13 17406
15 3783
25 1
17 52
25 6
17 1473
24 4
25 2
13 3165
20 51
21 33
24 10
16 2961
21 5
13 2788
17 121
21 35
15 2579
25 2
19 410
27 1
23 4
13 24929
12 20478
12 12637
16 2117
27 1
17 843
16 2403
22 17
16 1802
25 3
25 4
20 187
19 190
17 791
23 10
17 315
27 1
23 19
19 105
12 16433
24 8
18 635
21 16
22 28
22 32
23 19
16 2079
22 1
16 920
19 248
19 96
20 127
25 4
21 17
24 2
18 158
18 165
19 93
23 6
12 25291
25 5
18 66
18 794
13 14426
22 20
17 1101
25 7
27 1
14 9149
12 22086
21 55
24 8
19 118
12 25249
15 5074
17 994
16 1148
19 245
24 5
16 2412
15 846
18 64
16 2817
12 9659
20 151
21 63
17 1191
22 20
17 393
20 4
19 143
12 10678
19 33
18 549
24 1
24 9
18 392
15 4604
16 2048
16 2333
19 394
24 4
20 83
22 23
22 18
20 78
13 8343
23 10
26 2
23 12
12 4271
13 10439
23 18
16 874
17 1370
15 4040
17 678
12 2828
23 16
14 7451
26 3
19 244
20 192
24 4
14 10074
25 1
27 1
22 32
22 30
12 30431
12 31340
16 2144
23 13
26 1
16 812
22 10
19 103
27 1
16 565
23 18
21 18
17 77
13 2977
12 8222
23 9
13 5660
23 1
12 13788
14 6928
26 2
25 2
24 3
27 1
17 1075
25 4
13 24795
25 6
22 24
26 2
23 19
19 18
24 4
12 20654
27 1
13 22956
20 175
25 5
26 2
24 8
16 427
23 2
18 296
17 209
18 491
27 1
15 1173
17 516
24 3
18 532
20 11
12 31842
15 3346
24 6
21 2
20 178
14 4817
19 270
14 7663
21 8
26 3
23 10
27 1
25 7
19 220
17 907
16 2354
20 1
20 90
14 2337
16 2059
22 21
20 85
20 201
25 6
14 12348
25 1
22 22
19 282
19 264
18 593
18 32
23 6
27 1
26 3
20 195
20 16
23 4
26 1
18 61
26 2
18 173
21 65
16 1305
17 865
24 7
12 12089
27 1
16 3121
27 1
26 2
16 119
25 1
13 23386
23 12
21 86
25 3
27 1
23 16
13 24549
27 1
14 5706
26 3
22 31
20 22
27 1
12 15311
12 21507
22 18
18 739
20 157
22 21
16 2691
16 2014
23 19
21 78
26 1
15 4854
20 173
26 2
27 1
19 278
24 10
15 845
21 5
13 17594
25 7
27 1
21 10
25 6
13 1913
17 516
22 22
18 455
18 606
15 2016
12 16546
27 1
21 43
17 684
12 24626
22 13
14 7817
14 7672
17 111
15 6205
16 733
24 9
22 27
15 1186
27 1
14 10183
17 1549
27 1
12 10467
27 1
19 365
21 39
26 3
22 24
27 1
24 8
24 10
18 802
19 142
14 5988
24 2
13 20166
15 344
12 9189
20 160
19 249
19 333
18 710
21 89
27 1
12 9061
14 480
15 3921
23 19
20 28
24 7
17 536
22 1
17 649
21 79
23 18
19 7
20 16
22 32
25 6
21 42
12 5177
24 5
27 1
15 2326
19 311
20 23
13 6995
16 2711
13 12102
14 5692
27 1
18 251
14 5980
24 9
12 9319
13 1134
19 305
14 5112
21 7
19 354
22 37
25 4
21 92
19 103
12 12471
15 5308
24 3
24 7
24 5
16 828
23 14
25 5
24 5
24 4
20 109
25 3
21 75
18 106
17 82
23 15
22 9
16 712
24 2
14 6564
27 1
22 17
18 677
19 71
20 162
15 1206
18 762
27 1
26 2
20 43
24 10
21 13
18 183
26 2
17 482
26 3
15 5459
18 637
20 83
18 406
15 5481
25 3
21 13
17 1541
27 1
24 9
19 278
19 144
25 2
20 185
12 22074
22 37
27 1
13 13975
22 13
15 4688
16 2111
16 1379
21 26
17 833
16 1849
23 6
26 2
27 1
19 285
22 6
16 1194
25 1
25 5
14 4394
15 6233
16 1867
16 1645
27 1
27 1
20 100
19 105
24 6
20 29
20 183
23 3
24 7
22 27
27 1
14 5847
12 18359
25 7
15 881
23 14
18 537
15 2455
19 42
26 1
19 368
27 1
22 39
14 362
18 662
22 23
20 181
21 85
18 489
26 2
19 155
12 21132
14 5212
25 1
21 51
14 6351
16 2096
20 125
26 1
16 828
13 5868
24 8
13 22443
20 159
21 45
26 1
20 39
24 7
21 44
16 2693
18 729
22 19
23 18
26 3
23 2
20 81
15 2769
19 310
12 29643
20 161
14 1615
19 25
26 1
19 26
17 1339
13 14508
18 418
27 1
17 992
19 379
20 190
19 215
18 126
16 1073
27 1
12 915
22 37
27 1
13 17492
20 115
25 4
24 1
14 2128
21 93
21 50
24 2
27 1
21 64
13 7125
22 1
17 1110
22 19
20 141
26 2
22 23
20 23
21 96
25 3
12 24108
12 8025
27 1
17 1204
19 280
18 688
24 2
14 5423
22 2
23 6
16 3028
26 2
27 1
27 1
14 1751
23 13
22 2
23 6
27 1
21 20
21 4
17 675
12 29108
16 813
19 146
26 2
18 492
17 410
22 18
17 673
26 3
26 2
19 106
15 2776
13 5206
13 1136
23 12
27 1
16 2204
20 14
14 1619
21 45
19 389
24 6
15 1867
13 16399
19 214
12 11782
27 1
12 18278
26 3
16 1653
19 394
23 13
27 1
17 769
17 1036
17 243
25 4
22 40
12 19859
24 10
16 387
19 252
23 18
21 51
24 3
24 4
16 2776
14 3475
23 15
16 2636
19 109
22 27
14 8713
20 27
22 19
25 4
25 4
24 5
13 3343
19 152
17 926
27 1
22 26
24 3
12 23765
25 2
12 20943
27 1
25 5
26 1
22 3
26 1
22 18
18 364
23 14
14 1266
12 19272
17 496
13 8193
13 15334
16 1265
