1000 1000
1 1 1 1 1 1 1 1 1 1 1 1 1 1 2 1 1 1 2 2 1 2 1 2 2 2 1 1 2 1 1 1 1 1 1 1 1 1 1 1 2 2 1 2 1 1 1 1 1 2 1 1 2 2 1 1 1 2 1 1 2 1 1 1 1 1 1 1 2 1 1 2 1 1 2 1 1 1 1 1 1 2 2 1 1 2 1 1 2 1 1 1 1 1 1 1 1 1 1 1 1 1 1 1 1 2 2 2 1 1 1 1 1 2 2 1 1 1 1 1 1 1 1 2 1 2 1 2 1 1 2 2 1 1 1 1 1 1 1 2 1 1 1 1 1 1 1 1 1 1 2 1 1 2 1 1 2 1 2 1 1 2 1 1 1 1 2 1 1 1 1 2 1 1 1 2 2 1 1 2 1 1 1 2 1 1 1 1 1 1 1 1 1 1 1 1 1 1 1 2 1 1 1 2 1 1 1 1 1 1 1 1 1 1 1 1 2 1 2 1 2 2 2 1 1 1 1 1 1 2 1 1 2 2 1 2 2 1 1 1 2 2 1 1 1 1 1 1 1 2 1 1 1 1 1 1 2 1 2 1 2 1 2 1 1 1 2 1 2 1 1 1 1 1 1 2 1 2 1 1 1 1 2 1 1 1 1 1 1 1 1 1 1 2 2 2 1 1 1 2 1 1 1 1 2 1 2 1 1 1 2 1 1 1 1 2 1 1 1 1 2 1 1 1 2 1 1 1 1 1 1 1 2 1 2 1 1 1 1 1 1 1 1 2 1 2 1 2 1 1 1 2 1 2 2 1 1 1 2 1 1 1 2 2 2 1 2 1 2 1 1 2 1 1 1 1 1 1 1 1 1 1 1 1 2 1 2 1 1 1 1 1 2 1 1 1 1 1 1 1 1 1 1 2 1 1 1 2 1 1 1 2 1 1 2 1 2 2 1 1 2 2 1 1 1 1 1 2 1 1 1 1 2 2 1 2 1 2 1 1 1 1 1 1 1 1 1 1 1 1 1 2 2 1 1 1 2 1 1 1 1 1 1 1 2 1 1 1 1 1 1 2 2 1 1 1 1 1 2 2 1 1 1 2 1 1 1 2 1 1 2 2 2 1 2 1 2 1 1 1 1 1 1 2 1 1 1 1 2 2 1 1 1 1 2 1 1 2 1 1 1 1 1 1 2 1 1 1 1 2 1 1 2 1 2 1 1 1 1 1 2 2 1 1 1 1 1 1 1 1 1 2 1 1 1 2 1 1 1 1 2 2 1 1 1 1 1 2 1 1 1 1 1 2 1 2 1 1 1 1 1 1 2 1 1 1 1 1 1 1 1 1 1 2 1 1 2 2 2 1 1 1 2 1 1 1 1 1 2 2 1 1 2 1 2 1 1 1 1 2 2 1 1 1 2 1 1 1 2 1 2 1 2 1 2 2 1 1 1 1 1 1 1 1 2 2 2 1 1 1 1 1 2 1 1 1 2 1 1 1 1 1 1 2 1 1 2 1 1 1 1 2 1 1 1 2 2 1 1 1 2 2 1 2 1 1 1 2 2 1 1 1 1 1 2 2 1 2 2 1 2 1 1 1 1 1 1 2 1 1 1 1 2 1 1 1 2 1 2 1 2 1 1 1 1 1 1 1 1 1 1 1 1 2 1 1 1 1 1 2 1 1 1 1 1 1 2 2 1 1 1 2 2 1 2 2 2 1 1 1 1 1 2 1 1 1 2 2 1 1 1 2 1 1 1 2 1 1 1 1 1 1 2 1 1 1 1 1 1 2 1 1 1 1 1 1 1 1 1 2 1 1 1 1 1 1 1 1 1 2 1 2 1 2 2 1 2 1 1 1 1 1 1 1 1 1 1 2 1 1 1 1 2 1 1 2 1 2 1 1 1 1 2 1 1 1 1 1 1 1 2 1 1 2 1 1 1 1 1 2 1 1 1 2 1 1 1 1 2 2 1 2 1 1 2 1 1 2 1 1 2 1 1 1 2 1 2 2 1 2 1 1 1 1 1 1 2 1 1 2 1 2 1 2 1 1 1 1 2 1 1 2 2 2 2 1 2 1 1 1 1 2 1 2 1 2 1 1 2 2 1 1 1 2 2 1 1 2 1 2 1 1 1 2 2 1 2 1 1 1 1 1 2 1 1 1 1 2 1 1 1 1 1 1 1 2 2 1 1 1 1 1 2 1 1 1 2 2 1 2 1 1 2 2 1 1 1 1 1 1 1 1 1 1 2 1 1 1 2 1
1 441 828 571086606
1 329 921 102661951
1 10 961 524578171
1 135 476 39870451
1 905 981 310406776
2 196 341 19647381
1 225 929 26727681
1 321 561 139439155
1 851 866 90329526
2 71 958 6863204
2 515 911 315569
1 231 611 413771635
1 376 694 33416802
1 609 705 261457184
1 441 846 210964853
2 427 551 3382171
2 861 993 11508897
2 729 751 8778685
2 115 136 6692537
1 581 587 408824648
2 732 985 15836193
1 251 834 276879186
2 111 601 3909965
2 90 601 3488721
1 188 221 4986661
1 137 721 62483721
2 461 517 11684537
1 361 843 57811283
1 351 463 108900101
1 131 422 4411233
1 61 333 840018989
2 133 235 4323385
2 111 227 10443501
1 169 536 4166083
1 44 357 501115141
2 57 321 15533813
2 179 817 208737
1 648 786 145494973
2 293 598 1888764
2 708 989 4129165
1 605 929 34631011
1 689 827 659922491
2 516 520 15411201
1 513 647 761216331
2 45 708 9841129
1 493 732 67522159
2 282 655 9815497
2 121 213 16684194
1 51 592 191366345
2 58 529 1130551
1 282 486 435803753
1 105 421 56123929
1 579 916 278977336
1 217 453 187632802
2 651 921 2650967
1 273 471 132885804
2 233 577 13095875
1 951 989 104548033
2 76 998 3236941
2 91 921 6321055
2 301 880 606305
2 221 346 10072321
1 329 911 555454747
1 61 385 613384747
1 721 841 276779691
2 585 849 12550129
2 334 731 16709821
1 460 931 417974799
2 54 357 10015072
1 212 493 665083861
2 175 189 15487001
2 707 776 18486405
2 525 673 18162949
2 365 697 5412108
1 523 793 275015217
2 179 695 19798003
2 473 919 6622067
2 111 781 975971
2 221 469 19799729
2 131 861 2951743
1 341 505 770041169
1 197 579 78595609
1 16 631 229305601
2 37 41 6259877
1 219 302 168003585
2 293 697 5605441
2 881 905 4802609
2 709 848 5463461
1 423 553 414188589
1 314 951 75609416
2 85 483 13053989
1 249 401 35135101
1 291 972 5001776
2 426 460 710379
2 625 657 9250917
1 561 611 7996525
2 650 789 7096251
2 126 165 6682477
1 235 892 382870529
1 259 601 80011639
1 236 571 229808322
2 695 697 12156281
2 91 477 11024809
1 839 893 745173751
2 89 233 4722165
1 192 637 457361721
1 626 914 30566017
1 33 121 245338774
2 501 710 9504197
2 357 625 18476434
2 31 671 14963265
1 776 812 436110501
2 123 574 16334197
2 56 974 19450926
2 517 898 7609861
2 345 651 16163241
2 645 876 15276547
1 521 663 638304806
2 122 721 239180
1 95 387 351396535
1 876 897 47004595
2 611 735 6184441
1 100 931 271339461
2 287 712 8042451
2 870 925 7091774
1 169 623 953991
1 523 705 490868134
1 371 387 251777512
1 181 891 148213901
1 339 735 61137649
1 785 857 205771388
1 90 427 306118957
1 251 802 186114565
2 7 609 16136401
1 235 907 632859526
2 9 823 14524835
1 53 993 9485758
1 893 952 11980805
1 263 566 151524622
2 226 554 10247097
2 521 985 5648642
2 35 425 17984538
2 589 787 13904364
1 244 986 212060269
2 249 905 11183411
2 47 152 10453491
1 25 151 736523093
1 286 321 122739361
2 277 793 2195088
2 332 422 8166529
1 146 245 380948868
1 305 931 343301
1 525 871 345176677
1 816 873 597498499
1 359 665 319996319
1 101 932 411781861
1 321 955 592820533
1 21 836 64431065
1 17 638 610892865
1 389 501 164242141
2 601 601 14352921
1 18 111 69005245
1 371 613 981296077
1 23 601 312870838
1 580 691 872282269
2 53 251 14304453
2 117 201 4751895
1 95 255 36501546
2 275 821 7204853
1 617 751 387042651
2 141 501 5839601
1 81 273 475394299
2 41 90 19330489
1 267 583 28641873
1 306 432 688078531
2 1 345 8734552
1 897 928 66672451
1 572 811 103919439
1 245 376 43597401
2 301 655 19601516
2 289 799 11831167
1 254 385 729939211
2 377 947 3713761
2 171 807 18750555
1 235 929 197936311
2 175 308 10652185
1 345 353 4367374
2 837 869 280241
2 417 551 8994083
2 225 921 11952058
1 89 505 168377861
1 139 161 41603431
2 75 730 577447
2 126 901 15085820
1 296 821 785784577
1 648 963 53664496
1 121 355 586810901
1 329 354 840882736
1 39 990 222787365
2 137 425 2299420
1 551 772 214859216
1 233 721 112502661
1 491 820 125905204
1 273 991 33068053
2 233 315 6588931
1 603 681 258762979
1 147 803 17027697
2 147 684 2018388
2 221 261 18898178
2 57 115 5777468
1 271 589 35400916
2 551 997 13396511
2 376 521 10563249
2 148 249 6473557
2 96 111 7274321
2 307 406 8831593
2 393 503 14537818
1 245 415 38953801
1 93 657 43923441
2 438 493 2864961
1 351 363 241978105
1 95 406 74128466
2 629 853 12249853
2 698 699 3064301
1 353 693 116631998
1 183 946 381030121
1 163 801 15358113
1 351 733 13128272
1 503 777 192280033
2 517 670 1100598
1 583 968 40309041
2 33 51 19245451
1 846 883 458701481
2 39 109 17763448
1 471 938 171329629
2 57 569 14235319
2 421 435 9392829
1 152 702 520752246
2 345 499 18089920
1 881 907 236245146
1 410 963 13071017
1 302 576 117775891
2 50 301 8709833
1 342 821 538129295
2 221 738 6431601
2 113 331 17986369
2 260 993 14270730
2 497 799 2424933
2 33 892 9468806
1 931 997 461582213
1 167 398 302904001
2 396 955 878691
2 506 765 2736305
2 421 841 19726041
1 287 823 169174501
2 173 308 18189681
2 33 701 18736290
1 167 961 352479446
1 166 972 219623669
2 17 39 11628153
1 541 993 42400401
2 325 729 7508545
2 193 713 11528961
1 541 957 22993547
1 368 419 23091303
1 53 508 362119177
2 265 371 5216408
2 121 666 13759163
1 587 656 159959918
1 306 902 631034937
1 69 794 475139267
2 12 408 19653003
1 300 945 527793591
1 140 198 367790081
1 123 831 594155489
1 224 333 593315090
2 305 659 8217729
2 521 771 17846641
1 141 193 61341267
1 89 349 46530376
1 690 945 378432460
1 675 838 201972109
2 129 999 3279861
1 85 747 134485281
1 161 195 214784409
1 504 845 13906166
2 213 221 8628481
1 724 781 197068337
1 129 381 109227813
1 21 93 152151900
2 439 596 6705537
1 433 933 251768041
1 241 361 471895361
1 446 749 64306309
1 196 337 138896479
1 301 926 188197057
1 49 135 715506150
2 393 795 6480067
1 301 411 630513001
2 523 721 3524995
1 157 597 451156161
2 785 897 16910074
1 771 867 182916236
2 395 546 8488897
1 281 872 80400810
1 678 785 187950389
1 117 900 68656921
2 817 913 11135105
2 973 973 14385201
2 391 721 17618713
2 341 841 1808455
1 217 486 81815716
1 304 873 165319827
1 655 661 671366958
1 129 813 409073592
2 37 271 17903521
1 223 361 96733459
2 535 597 6077321
2 645 781 14379491
2 93 800 18446889
1 469 920 969033899
1 90 744 328178717
2 147 601 11233178
1 601 827 59795281
1 683 791 331275029
1 324 921 53806985
2 391 713 15923688
1 46 432 98194223
1 349 800 174077229
2 42 559 14796251
1 365 691 262171473
2 569 657 10436777
1 226 559 233292361
1 97 651 234929369
2 91 706 10135641
1 321 505 223966541
2 394 647 16291278
2 278 451 812353
2 145 995 6281041
1 315 785 27379756
2 1 237 7206974
2 339 585 15938121
1 901 941 160538991
2 127 245 8589016
2 185 869 1488565
2 585 971 12543357
2 345 465 15937754
2 351 561 3533791
2 268 377 2312772
2 86 919 15198433
1 151 211 186327437
1 13 160 481219
2 537 827 6556575
2 299 611 19693929
1 1 657 380418211
1 161 609 485817742
1 217 691 408239183
1 19 666 142912681
1 501 949 685359546
2 376 428 3337997
1 541 806 230532997
2 419 811 1733401
1 25 717 686811048
1 36 131 480860227
2 351 651 9269419
2 6 597 12901907
2 572 762 13671187
1 288 971 839729458
1 114 441 200232193
2 369 697 12706946
1 193 761 198561154
1 613 646 242707963
2 393 555 13704377
2 562 914 5446497
1 125 761 150394726
2 301 329 5768385
2 153 611 16063809
1 601 973 125069119
1 480 623 252826967
2 421 649 14797479
1 273 579 191521441
2 405 881 13371821
1 657 817 83388499
2 741 776 15324220
1 181 577 150658971
1 272 359 318197251
1 211 609 694717765
2 341 424 3215767
1 601 926 78464033
2 231 951 1946201
2 1 25 11228018
2 369 531 14104865
1 151 481 2873161
2 99 427 4379066
2 227 633 18491171
1 411 623 335370673
2 569 961 5047614
2 254 407 3208721
2 705 809 12312526
1 425 461 411934837
2 1 345 7624729
1 413 937 156594341
2 361 866 3628780
1 103 618 38117623
2 29 646 331393
1 1 731 551082556
2 651 943 14704553
1 760 993 251583697
1 96 902 480352853
2 761 905 13428468
1 853 901 76213473
1 81 749 75007087
1 519 621 714582158
2 321 531 2475084
2 381 954 8336737
2 429 465 12223921
2 192 761 13135661
2 513 593 426646
1 736 811 39773224
1 481 998 7348857
1 318 331 53723623
2 561 677 9635101
2 153 531 1000959
1 473 645 101095951
1 491 765 340046673
2 31 86 12584491
1 197 675 211395724
2 501 987 17718789
1 445 692 636057682
2 833 943 14911501
2 69 525 18989973
1 496 861 124143541
1 33 806 50888461
1 436 901 526276621
1 629 987 1886425
2 571 831 4184252
1 362 903 479203381
1 401 841 206224257
2 97 276 16187251
2 206 919 16030327
1 103 711 532359066
2 1 145 12204932
2 64 154 5335113
2 12 385 2757281
2 521 593 16807021
1 193 823 354907675
2 1 156 18093989
1 313 671 553306447
2 141 805 4393335
1 463 596 457083745
1 681 865 507649661
1 109 907 41503876
2 122 691 7177223
2 1 665 2706341
1 331 791 730134186
1 408 969 381260476
1 486 647 352433391
1 551 681 714226513
1 331 444 121414476
1 107 526 160337101
1 314 841 462938697
2 403 481 7344111
1 48 577 14553875
1 406 492 108807359
2 401 429 15789603
2 41 953 4966193
1 481 977 476111871
2 519 834 18130543
1 121 529 418019071
2 186 229 14294623
2 411 512 1806966
2 116 157 16591165
1 681 994 813909223
2 81 653 1040726
1 361 751 168994973
1 303 651 146297593
2 731 734 11764389
2 687 773 3863661
2 789 851 9434339
2 621 941 17515321
1 512 591 192398856
1 303 809 345507721
2 218 276 14590006
1 5 61 707488831
2 66 230 13062105
1 316 631 48479041
1 257 259 420185426
2 73 746 711266
2 551 666 16436596
2 576 857 12309567
1 245 332 328338928
2 161 951 1093824
2 208 984 7448769
2 891 915 10759641
2 665 929 1156541
2 133 805 2664477
2 321 481 19403572
2 385 681 4499595
1 143 526 435055276
1 17 365 569183011
1 45 503 105196579
1 163 194 252486388
1 201 725 222380680
1 121 701 20791349
1 206 665 768625621
2 111 651 8505545
1 281 441 378350411
2 165 261 14991629
2 644 745 9582223
1 521 945 329621667
1 229 795 56150944
1 226 247 851181807
2 107 651 15027870
1 202 899 171613729
2 527 841 5208705
1 296 986 478664341
2 441 825 6273591
1 126 739 64166929
2 749 912 2807133
1 146 399 343484289
2 201 585 12149440
1 280 521 31402125
2 445 484 19128499
2 216 449 7797145
1 77 456 157337874
2 108 109 1456036
2 22 922 6144473
2 434 997 9085664
1 553 731 7035451
2 61 688 3566124
1 327 859 249700037
2 51 773 6721867
2 457 865 4563645
1 25 240 705528042
1 801 985 316122080
1 226 415 669150910
2 16 461 12820393
1 341 561 491107103
1 268 907 63780601
2 441 953 2478097
2 773 955 4675136
1 77 669 169090179
2 393 757 17129213
2 427 949 3858697
1 635 862 13636863
1 261 806 256227610
2 335 701 1909342
1 193 961 76248823
1 395 685 650956730
1 66 785 221751622
1 403 431 413755021
1 211 705 331863176
1 171 385 25179354
1 461 729 170646625
2 43 967 15440901
1 245 861 147891536
1 23 137 192448439
2 7 281 8967168
2 269 281 432577
2 111 983 10349971
1 137 759 51362182
1 1 402 583126241
1 417 881 79736801
2 481 851 8646791
2 149 329 4297041
2 305 920 15834877
2 239 596 2697019
1 451 760 950662901
1 5 263 494576541
2 442 801 1889827
2 110 191 361302
1 240 336 175339697
1 145 817 42604741
2 325 546 5185738
1 625 821 508336489
2 52 897 8778721
2 280 479 17095017
2 18 759 19495335
1 101 101 111527371
2 35 314 4377
2 31 417 5393894
2 241 756 2872985
1 365 1000 556891441
2 441 944 12289431
1 94 229 497718981
1 123 923 127940242
2 63 813 13932633
1 249 616 766363840
2 21 569 3466085
1 125 753 811498561
1 175 765 355599553
2 857 889 4801841
2 222 801 5382105
2 61 753 11882236
2 661 893 2012789
1 253 259 94362679
1 745 863 320107164
2 200 354 7588809
1 207 601 578061901
1 621 825 4412503
2 570 817 9116201
1 23 995 341839043
1 457 929 241563984
1 599 741 47058562
1 597 819 646065425
1 537 690 465033427
1 379 501 23913163
1 402 855 56609701
1 178 203 410455405
1 241 861 101860438
2 275 583 9478501
2 380 619 9633361
2 295 456 19212421
2 107 771 14357129
1 256 746 387723061
2 26 506 3503281
2 354 937 3891066
2 269 362 6475727
1 1 765 612177022
1 145 761 117084939
1 721 761 10629685
2 234 841 5507408
2 121 408 13921739
2 281 645 4481361
2 413 571 16039257
1 92 254 15764662
2 153 851 4228097
1 51 852 481435629
2 578 585 8749525
2 550 646 11675669
2 91 476 8085277
1 297 393 157552057
1 810 962 6045436
2 160 809 11097201
1 677 740 96805621
1 489 899 816529903
1 144 751 42244321
1 673 695 33522319
1 51 533 88252085
1 665 941 223527952
2 424 806 3084213
2 529 758 11264041
2 417 489 13738831
1 370 393 43072975
1 309 650 55526833
2 643 701 18955402
2 406 426 14706350
1 621 631 56273436
2 91 883 11226245
2 663 885 6715047
2 352 545 3865833
1 412 601 87825627
2 91 975 16203754
2 177 926 3127665
1 178 885 610023693
1 281 609 99462853
1 613 861 9464258
1 353 905 327659467
2 37 141 8279607
1 86 979 308616738
2 665 994 19416761
2 29 515 16964465
2 609 637 14728538
2 601 631 6984208
1 501 533 67920346
2 636 921 15656430
2 38 761 15493333
1 416 775 131061646
1 864 985 204319627
2 370 911 531877
2 201 251 8316209
1 66 466 215521051
2 241 761 8338116
2 401 648 9782412
2 133 645 10341393
2 426 649 3351633
2 185 245 2968156
1 121 619 307722481
2 609 915 15442454
2 12 851 15599824
1 683 777 18510301
1 17 587 494191489
2 214 425 13793726
1 740 839 171368305
1 741 767 554016684
2 196 648 2394835
1 597 777 757394107
1 454 943 119412859
2 871 991 9738261
2 475 620 15768767
1 385 557 93348883
1 265 421 133472515
1 189 194 260542591
2 30 59 19552557
2 365 872 6064997
2 352 625 11044615
1 117 297 49711709
2 107 833 16237181
1 185 425 72341977
2 567 702 19232026
1 885 971 185818051
1 193 886 145974509
1 458 586 716949742
2 323 876 16441256
2 161 947 14601341
2 123 209 3289513
1 266 731 464696701
1 193 279 794354497
2 145 212 4660561
1 500 565 61970203
1 801 843 77128129
2 340 496 11079997
2 98 463 9389149
1 671 921 148863425
2 45 881 15431177
2 221 239 1850454
2 361 411 11949149
2 105 534 11374313
2 117 177 6425277
2 239 475 11071249
1 275 873 236904328
2 336 943 19242021
2 379 931 5115369
1 5 251 165263806
2 1 118 18427585
2 5 313 2153957
1 25 45 38670919
1 121 137 572066676
1 751 811 73449677
1 617 868 117507327
1 276 803 475685302
2 425 598 5902770
1 44 703 585366954
1 301 971 109338153
1 127 431 25979407
1 129 565 245985001
2 436 857 3838865
2 507 693 6869697
1 211 321 566402122
2 672 901 6522087
1 351 981 89806564
2 327 421 3760521
2 531 934 6353593
2 628 727 17673141
1 150 686 86779249
2 221 226 5088381
1 257 621 202941591
2 271 757 10724605
1 19 640 26199226
2 141 656 10043841
2 211 603 8860285
1 241 299 115739109
1 655 840 3250741
1 20 110 145033471
2 279 401 18327417
2 363 905 2459481
1 447 886 14253523
1 549 797 331253671
2 881 961 8313961
2 601 953 4616915
2 89 949 7730716
2 209 957 5094753
1 528 639 37767745
1 425 531 10065515
2 639 868 13736449
2 671 763 15902901
1 166 815 846937750
1 441 777 325650689
1 286 359 245174770
1 333 581 161496093
1 225 281 669174529
2 169 241 16314117
2 853 944 5367665
1 296 886 37860280
1 139 241 635082221
1 590 918 5363821
1 233 321 683346113
2 557 785 9316889
1 485 691 8512989
1 5 190 597010426
1 401 826 589006430
2 356 897 1616371
2 42 582 1445831
2 537 751 8030841
1 359 941 59871808
2 529 961 18364846
2 287 671 6841821
2 709 721 3562776
2 251 641 7472951
2 81 544 4262837
2 785 851 2133722
2 125 462 11147573
2 625 998 5411096
1 323 821 45463231
2 365 881 16121949
2 772 774 12025701
2 77 983 10687851
2 451 645 3805167
1 577 872 154953345
1 50 853 959734972
1 121 585 225688651
2 537 621 14857989
2 26 164 9194307
2 281 801 10801101
1 377 716 256445035
1 105 478 963064991
1 322 826 48786031
2 349 617 12446939
1 801 875 385740787
2 565 900 6546126
1 764 863 201648217
2 664 717 9702094
2 61 121 3129419
1 21 833 19070571
1 179 633 84183487
1 609 905 183164353
1 1 801 458464663
1 94 401 116186967
1 129 696 320353065
1 983 992 346671670
1 585 735 96626401
1 895 961 153863491
2 525 751 14615441
1 403 661 589051
1 281 499 171584155
2 575 989 6563079
1 481 801 17355841
1 220 503 28929800
2 69 774 17368364
2 296 621 4890135
2 323 591 2456513
2 19 499 2847670
2 7 79 18544461
1 127 855 476539225
1 155 180 718202044
2 22 713 10294321
2 673 693 16045928
1 547 564 346207026
1 504 613 187020239
2 533 945 13500501
1 113 393 589828915
1 121 421 6389696
1 133 191 11337497
1 86 701 6103891
1 239 644 263668559
2 271 617 10831721
1 593 721 4485639
1 286 406 207794299
1 125 433 369436741
2 501 861 597722
1 85 533 353709940
2 1 135 19810457
2 935 964 18664311
2 413 654 11446129
2 1 81 2473956
1 92 241 180151009
1 281 351 926138172
2 551 727 13138905
1 599 915 382649433
2 43 241 7552995
1 261 501 42679198
1 847 862 681393168
1 53 74 164804983
1 131 623 670176097
2 301 492 9613849
1 231 721 607177650
1 65 537 284332141
2 142 385 10425621
2 307 913 3291679
2 112 161 12552926
2 647 719 12141256
2 239 805 8344933
1 901 966 465995909
2 376 514 2584289
1 76 96 438993457
1 455 883 135016769
1 361 426 52297612
2 31 363 2766033
2 49 163 7641701
2 25 535 369601
1 242 513 241878535
2 109 289 2180810
1 468 481 115405385
1 41 661 85102850
1 657 888 281755391
1 241 561 29861567
1 757 799 1034704686
2 137 710 7210593
2 401 401 13346091
2 171 651 19096719
1 231 576 701299471
2 601 718 4996891
1 389 801 396221841
2 433 600 10214866
1 112 601 316905409
1 195 342 39358260
1 36 53 79754725
2 737 951 6153712
1 376 418 485960113
2 273 701 15046529
1 126 399 23806575
2 372 865 17296491
1 49 967 7979401
1 341 397 25225538
2 141 705 14414989
1 41 701 11244103
2 417 901 5217893
2 841 897 16638721
2 225 671 13491206
1 813 921 736149867
1 61 169 328483555
1 301 839 149496166
1 177 883 440195943
2 1 899 11260433
1 921 985 281478863
1 45 666 516904025
1 39 452 251617645
1 171 341 72573832
2 367 677 13763873
2 521 903 5584551
2 225 770 3997361
2 38 621 844491
2 70 261 11919581
1 81 345 382209943
1 191 276 588935953
2 41 841 12133293
1 676 797 185250049
2 14 521 10293768
1 707 881 143108714
1 78 536 302399083
2 111 995 2031331
2 64 761 3331108
2 97 991 7796819
1 753 769 286051721
1 557 639 1022578357
1 267 991 42589697
1 303 385 186679521
2 247 369 11733688
1 151 465 223389779
2 492 933 16624976
2 296 681 4199395
1 111 816 47820185
2 133 997 11268647
2 237 831 15074631
2 907 970 15865576
2 93 692 10307201
2 226 489 5911373
2 725 969 3889381
2 345 961 19950278
2 146 895 7618255
2 721 933 10686147
2 185 399 9714491
2 161 643 7727041
1 349 601 223269373
2 156 361 12632306
1 229 320 64082645
2 360 729 3969161
1 497 986 109308860
2 251 537 5422301
2 426 646 6971425
1 335 946 511290897
1 487 511 723588373
2 693 997 9692985
1 691 911 278900889
1 573 605 852637501
2 64 220 16684746
1 699 849 297993179
2 256 979 14322917
2 435 801 4912732
2 69 562 4867587
2 741 811 5405111
2 229 257 9615021
1 411 636 474476471
1 87 929 21739441
2 647 827 3671291
1 575 629 108756123
1 102 871 10694769
1 168 845 401175201
2 261 611 19851429
2 265 761 18665176
1 277 451 11224716
2 504 905 8508423
2 21 681 2498689
1 633 754 151842901
2 12 988 16625329
2 596 761 17140561
2 26 846 19089245
1 682 891 118778941
1 271 319 123283854
1 589 883 197717761
1 16 696 299078857
1 181 241 366656016
1 356 476 202538911
2 126 797 11606049
2 91 809 17037287
2 321 881 17717768
1 457 539 172516216
2 257 781 900301
1 144 385 44495479
1 173 755 168715783
