458 823
14431 9895 11970 15308 2575 20181 709 27999 12992 18884 11061 16281 5044 28990 25092 28337 31256 6219 15980 17421 7306 8869 16014 2391 4570 12396 5210 12755 9485 12827 14766 11760 10920 30907 4034 7453 15147 5718 3523 20957 30427 8879 17086 23582 14020 14384 11968 3527 20223 15652 14140 11664 17969 19750 15020 19478 9812 22233 1915 28463 19130 16858 14883 1914 20302 12531 18067 25659 1310 13458 12499 6502 4118 377 14570 3066 4622 32694 32256 6288 1800 17878 23744 2100 14002 21590 3328 18291 24371 9562 17060 5045 32035 25761 21951 4814 21723 25529 13820 2255 8432 7791 11581 8226 2554 25482 13697 30678 19354 30137 26123 27703 10939 14537 15297 19874 8471 16155 16594 31127 25085 19286 22427 2576 7250 6745 11468 3857 7639 2420 5318 1665 15273 27863 22600 1592 9230 10826 13387 19545 32110 27679 4394 10722 30368 101 13574 31617 11368 14431 30057 9386 2109 23605 11305 16614 31823 1768 29584 32622 16584 32395 28089 23800 30290 23729 6973 12241 20954 6946 1296 14892 13716 22738 15781 14010 23360 27411 32089 4986 29611 3849 24078 20179 24440 20318 31254 10976 25888 29240 29268 11019 2104 872 8093 4061 26099 20197 29540 17684 15079 24440 19351 30198 30228 21944 15812 15334 32034 11065 7552 6965 1514 13825 16905 16954 10552 59 20266 16037 4815 18480 1375 7440 29358 15474 23866 9943 5010 18522 29189 12842 15036 1205 32681 14432 13556 8379 30671 9870 13518 22337 29252 7257 26156 17455 31906 3336 23300 11827 3373 30430 13668 6327 7419 9382 12979 12817 11608 11663 31801 29178 15464 10042 24802 31810 27918 15890 23614 7106 26125 10204 3789 27025 11373 9358 2938 29819 32033 357 7781 31918 27110 21042 28901 6071 15726 21749 11982 20653 27326 13228 4335 6316 3029 6253 28895 7045 13198 18355 18938 19636 5831 13558 19366 16531 20675 17790 24795 9677 18125 13688 20706 29460 28446 21322 23900 7447 32513 1316 391 26798 17461 19671 14013 11608 11667 15851 25149 7144 18160 6635 20526 23931 11333 1796 24545 7853 14350 5327 17751 23309 28911 874 1027 31950 31389 205 1744 9407 3580 20571 31078 11901 15493 4280 18089 17638 747 5083 24707 6866 28414 32100 13540 7166 23759 6959 29703 10825 3861 11305 3062 15139 9935 2402 32080 26946 15915 25956 27978 20118 10919 5572 6388 14976 10870 6902 3518 6207 293 23141 19258 6571 18302 16067 12835 31269 29357 12958 25759 28110 22177 10549 31681 4343 10165 10633 13906 27609 16272 4023 1233 24198 10569 30852 5816 2336 14543 2874 19713 1097 12681 5555 13801 32218 16441 11955 30196 3544 19494 21115 16945 22436 25466 11674 20415 19313 18153 2567 23696 7163 22675 4717 13677 15479 29228 24518 23866 31429 26202 1323 14716 2541 12638 3562 26648 4297 
3 96 423 6
1 196 442 14899
1 48 333 32122
1 273 342 29969
3 155 435 9
2 72 157 21464
2 37 197 19988
3 73 126 10
3 43 124 3
2 107 371 19426
3 96 281 10
3 200 444 2
1 64 159 13815
3 27 379 8
3 32 321 8
2 149 284 23684
2 145 286 329
2 125 266 10011
3 160 245 8
3 390 439 3
2 210 376 21847
3 60 380 5
2 179 305 22919
2 303 340 7200
3 33 122 6
3 70 416 6
2 37 143 14839
3 84 159 6
2 102 104 19031
2 128 350 21421
3 219 429 0
1 118 447 6171
1 76 385 27204
2 208 402 6089
3 48 360 3
3 262 360 8
2 74 440 12512
1 44 154 18052
3 36 282 5
2 279 318 3550
2 3 131 27463
3 14 220 7
3 361 426 7
2 162 444 20466
1 177 302 18648
2 131 266 21200
2 26 183 12330
1 45 206 7887
2 9 357 11055
3 176 264 10
1 43 173 21267
1 122 252 7746
2 196 448 30249
3 255 318 1
1 177 311 21093
2 37 204 20567
3 8 209 5
1 93 381 12921
3 143 360 3
3 280 355 10
1 136 365 16569
2 8 416 3431
2 398 412 9594
1 28 40 3039
3 68 336 8
1 12 58 20848
2 173 358 8823
1 19 238 16554
2 24 137 21618
1 120 269 8321
1 50 154 28241
2 317 402 7885
3 137 378 0
1 147 391 25288
2 210 381 3910
2 61 335 12179
1 125 352 314
3 238 413 1
1 137 256 5586
1 118 226 14986
1 18 109 29141
1 10 259 8426
2 69 191 27826
2 275 378 5503
3 120 338 7
2 149 154 7263
1 237 441 10469
3 81 88 2
2 86 139 25801
2 71 358 10812
2 363 409 22949
3 35 132 0
1 132 187 6556
2 208 259 16881
1 145 376 22642
1 308 392 17939
2 47 409 30225
2 102 207 296
1 46 309 6407
3 42 66 8
2 105 365 22789
2 222 291 31696
2 163 252 31073
3 52 389 0
1 207 417 13205
2 282 364 3093
1 77 400 4542
2 14 168 20326
2 16 219 22814
2 195 435 8804
2 100 411 1178
3 229 361 1
3 219 224 1
3 309 444 5
2 135 215 20147
3 161 257 3
3 38 221 8
3 289 427 0
3 170 451 8
2 289 303 25240
1 111 340 7921
2 6 15 19345
3 104 239 1
2 112 188 31617
2 145 244 20224
2 103 216 2892
3 239 313 5
3 72 269 5
3 152 444 6
2 173 199 16625
1 188 381 29944
1 148 443 13064
1 143 447 14489
2 112 124 29295
1 278 442 30994
3 419 427 10
1 96 429 26141
2 205 267 27634
2 87 422 10263
2 47 293 2409
2 57 429 19074
2 154 348 4072
2 138 446 13955
3 212 277 6
3 56 366 9
3 77 110 3
2 351 406 13076
1 93 453 526
3 210 357 4
2 244 360 12317
1 145 236 22215
3 225 288 4
2 273 436 2137
3 358 433 10
3 197 207 6
2 113 422 1117
3 88 187 3
3 399 414 8
2 293 339 10948
1 15 225 30158
1 179 458 20706
2 99 245 10955
1 5 67 28746
2 162 295 23488
3 120 421 10
2 399 452 7775
3 129 183 8
2 358 373 26433
3 64 384 5
2 56 90 7265
1 51 158 3153
3 289 457 4
1 56 71 20327
2 239 401 31036
1 55 123 25998
2 237 391 10851
1 162 172 13902
1 25 297 28575
2 178 202 21463
3 89 406 4
3 256 276 1
1 114 438 28790
2 228 416 8746
2 39 311 1181
1 2 311 6915
3 154 213 8
2 383 386 5571
3 60 272 2
1 103 353 14154
1 92 400 17525
3 196 423 8
2 74 282 8021
1 251 394 3308
3 137 297 7
3 48 252 6
1 368 424 7209
2 39 308 28868
1 32 246 6561
3 126 169 9
1 123 346 2036
2 39 168 18928
3 269 271 8
2 401 406 30828
3 264 430 5
3 113 233 2
2 178 329 30818
2 110 161 19385
3 82 381 5
1 88 114 13305
1 255 362 2387
3 62 262 7
2 170 430 6496
2 344 454 15951
2 62 416 19744
2 25 285 13101
2 44 144 27785
3 29 214 5
1 260 447 11510
3 327 425 5
2 14 53 21416
3 133 199 1
3 215 228 5
2 42 284 26011
2 21 338 30541
2 128 262 19126
1 86 223 25779
2 28 83 11536
2 122 431 20036
3 183 345 10
1 136 297 32307
3 260 263 9
2 242 403 28057
2 112 212 28475
1 122 288 22257
3 100 393 10
2 118 442 22682
1 14 443 31669
1 120 316 10072
1 255 424 8965
3 105 310 1
2 37 262 12388
1 357 424 3607
1 282 453 12927
2 399 424 9747
1 176 380 23847
2 178 372 24603
2 178 386 17362
2 97 346 1637
1 199 322 9241
1 209 396 30863
1 13 195 16443
1 122 244 19991
1 105 278 18841
3 62 268 8
1 35 405 23352
1 167 291 22454
2 28 367 1090
1 44 95 26816
1 112 329 25221
1 90 322 19471
2 35 406 19699
2 5 314 26134
3 16 87 8
2 378 383 29230
1 3 111 11976
2 23 355 5394
1 83 163 20550
3 95 125 5
1 73 200 5917
2 114 314 8224
1 318 397 9587
2 160 198 26421
1 235 245 9617
2 313 421 6125
2 85 343 25700
2 34 128 11127
3 118 334 8
3 43 393 6
1 22 285 3607
3 176 192 7
3 59 236 0
3 62 375 1
3 17 19 2
2 314 333 30648
2 394 443 29570
1 27 297 16466
2 125 194 22774
1 32 455 6800
1 98 378 13199
2 342 372 32478
2 277 412 8027
2 72 421 28555
3 98 177 6
3 141 253 0
3 214 425 3
2 179 264 28597
1 126 178 661
1 224 350 3012
1 297 417 12292
2 140 409 602
1 172 396 11782
1 271 298 31928
2 27 166 3329
1 315 397 19720
3 292 391 0
1 288 354 16596
1 244 349 15019
1 75 294 908
3 170 215 2
2 157 398 4355
3 140 337 6
2 58 239 14322
1 84 169 2612
2 113 258 11380
1 4 335 20024
1 34 377 10889
1 142 450 21995
3 261 289 3
1 14 262 6357
3 20 177 9
2 20 381 21149
3 4 160 10
1 291 337 7570
1 66 397 4792
1 172 212 7462
3 239 254 6
1 19 137 14446
3 2 150 5
1 105 149 25763
3 101 395 10
1 60 110 32675
3 72 229 0
3 278 336 1
1 385 432 22306
2 13 80 5041
2 15 420 23628
1 24 73 25133
3 156 227 8
3 211 413 8
3 44 403 6
2 342 449 8627
2 172 193 25329
1 284 394 14214
1 139 301 930
1 248 419 4386
2 93 440 18624
3 413 435 3
2 111 384 16523
2 36 136 27350
1 98 161 23461
2 144 146 21717
3 124 258 7
2 89 147 23404
3 159 328 0
3 113 208 1
3 73 211 9
1 22 61 20929
2 138 439 13734
3 12 36 7
3 19 409 1
1 100 382 20210
1 110 372 2780
2 96 372 31012
3 20 81 3
3 364 400 1
2 417 426 18781
3 53 133 1
1 170 235 28416
3 167 411 1
3 124 457 0
3 296 415 7
1 104 458 5064
2 24 338 7311
1 4 198 21296
1 34 400 2734
3 149 274 8
2 85 142 7506
2 171 212 24221
1 94 201 4024
1 8 347 5054
2 129 385 11330
3 251 286 8
3 34 393 4
3 151 184 4
1 95 367 18428
3 55 340 9
2 47 408 17955
3 88 449 10
3 34 277 9
2 59 253 11982
2 90 248 3391
1 133 183 16878
1 139 375 15234
2 155 333 18242
3 9 455 6
1 260 315 14441
1 35 258 7112
1 403 409 28008
2 189 307 26226
2 369 378 24358
1 132 432 14796
1 172 318 31214
2 96 406 23492
2 37 346 32752
1 308 392 32620
3 277 413 0
2 62 452 32632
1 51 363 17109
1 174 363 10435
2 56 283 2059
2 175 316 5322
2 94 276 32290
3 17 249 8
1 32 103 2620
1 37 421 10551
2 13 168 1635
1 256 385 4685
2 7 89 5121
1 264 373 25725
3 219 259 7
3 6 208 2
2 143 225 11590
1 295 338 22681
2 446 454 10040
1 317 344 9299
1 414 438 9272
2 43 429 20935
2 269 414 12326
2 68 319 25782
2 70 114 23877
2 57 154 9861
3 66 438 8
2 367 377 12478
1 39 445 8985
2 19 209 1935
1 113 173 9929
3 368 378 2
3 175 241 9
1 116 369 20450
2 53 321 27224
2 49 238 11636
1 234 251 24330
3 128 251 1
2 213 452 22967
2 196 211 7325
1 381 421 14785
2 152 294 13722
2 306 407 31602
3 299 333 9
3 59 117 3
2 332 350 11320
2 112 118 9303
3 324 407 1
3 18 351 9
3 56 188 6
2 144 288 18292
3 187 259 1
2 131 275 15296
2 88 426 9450
2 191 402 17939
3 300 396 3
1 53 408 13042
3 308 379 5
1 4 8 16324
2 222 295 31856
2 270 421 27988
2 15 394 31162
3 295 395 2
2 238 242 25896
3 19 153 5
3 62 99 1
1 269 365 14796
3 245 378 5
3 383 440 1
3 162 231 6
2 304 438 125
3 194 309 9
2 121 298 7192
3 230 435 1
1 317 451 28402
1 42 119 10290
2 167 384 12024
1 212 356 22356
3 296 375 8
1 13 40 5687
2 337 396 8746
2 155 207 21296
1 16 23 31904
2 291 350 21177
1 246 366 10200
2 8 354 2542
1 318 404 21554
3 29 213 2
3 266 419 5
3 100 263 3
3 100 253 9
2 386 392 5860
3 161 200 8
2 201 368 27719
1 110 193 3213
2 135 290 23559
3 237 347 2
1 101 377 27547
2 33 417 2865
3 30 413 9
3 109 412 1
1 209 392 27973
3 198 321 3
2 156 211 30459
2 153 330 19263
2 222 248 13507
3 164 306 5
2 102 400 26566
2 227 248 7054
3 52 351 5
1 147 363 3917
3 37 245 1
3 277 396 3
3 346 455 1
2 192 319 8381
3 223 379 3
1 31 272 642
1 375 413 15060
2 245 453 13441
1 228 274 22659
2 357 419 30656
1 58 161 31106
1 124 408 20006
1 28 439 31256
1 83 247 19711
1 109 453 6452
1 224 278 32633
2 277 324 8936
2 53 144 22825
2 14 72 10984
2 120 325 14470
1 226 294 22287
2 132 323 31085
1 132 223 14811
1 210 370 6044
1 7 221 15596
1 60 436 24887
3 34 265 9
1 22 175 14662
1 23 239 27931
3 104 218 7
2 235 388 16303
2 15 398 2129
3 158 159 10
1 366 446 25681
3 95 154 9
1 7 428 3532
3 247 312 6
1 202 320 26044
2 303 345 29082
1 235 245 16642
3 132 453 0
2 177 432 6881
1 187 297 12824
1 51 412 22401
1 191 330 8205
1 204 310 5741
3 56 356 8
3 35 213 8
2 192 216 13257
1 114 437 8526
2 251 419 11735
3 56 232 0
2 102 272 1221
1 332 419 2736
2 91 298 10577
3 236 399 4
3 258 352 6
1 158 178 30720
3 325 391 7
3 279 295 9
1 146 232 12849
2 226 452 13547
1 44 125 28910
2 355 405 20743
3 167 264 8
1 122 239 863
3 32 279 9
3 275 369 4
1 118 208 9784
2 361 368 27528
1 32 182 26689
2 314 338 21427
2 3 258 21479
1 413 439 3027
3 85 431 1
3 347 428 6
2 13 35 708
2 75 342 26861
1 184 205 2610
1 16 107 10084
1 154 336 2220
1 313 336 15812
1 245 386 11878
1 89 266 3845
1 149 379 3516
1 260 401 19332
3 21 242 3
3 175 426 8
1 144 266 23633
3 167 253 2
3 239 337 1
1 17 85 13661
3 218 237 0
1 345 448 5555
1 91 97 28046
1 321 437 17261
3 27 159 10
1 420 443 17341
3 161 390 2
3 164 187 5
2 266 367 31375
2 280 312 11748
2 216 250 22729
3 338 378 8
1 159 354 29658
3 128 337 9
2 12 116 10920
1 352 366 12425
2 21 213 7227
1 52 69 24190
3 209 307 1
1 88 458 4194
3 58 438 4
2 407 419 18571
2 130 319 26263
1 26 122 27694
1 101 445 27635
1 38 65 21993
3 78 174 6
2 57 342 30778
3 109 458 0
3 77 88 9
3 133 228 4
3 300 317 8
1 10 299 25503
2 256 331 9868
3 93 400 3
2 21 306 14724
3 147 416 8
3 186 258 0
1 379 447 18860
3 55 332 1
3 114 264 7
1 33 288 18129
1 53 415 32051
1 205 343 29609
1 113 122 19791
1 168 364 16169
1 125 382 24225
3 250 336 2
2 181 255 26228
1 188 316 4383
1 227 382 7348
1 127 394 10770
1 164 242 26228
1 20 104 23458
1 127 267 4201
3 97 113 1
3 104 138 7
2 40 329 17375
1 161 424 3324
2 175 226 17446
1 134 300 28089
1 316 383 17729
1 156 186 12266
1 276 302 13112
1 282 344 17400
3 59 167 1
2 439 458 12529
3 59 282 5
2 387 448 16134
1 94 219 4205
3 254 402 10
2 28 227 9071
1 167 332 5121
3 254 454 1
3 157 376 5
3 20 338 9
3 1 367 8
3 159 353 3
3 135 168 9
3 60 111 0
3 249 428 8
3 184 383 2
3 35 193 10
2 78 342 20083
2 69 215 25433
2 28 267 4363
2 331 451 26075
1 136 154 19539
1 118 436 4134
1 159 302 12133
2 306 354 19446
1 81 447 20803
1 179 315 8751
2 178 344 25422
2 261 321 13653
1 93 309 29647
3 173 174 4
1 331 423 16498
3 128 379 6
1 293 384 6342
3 34 406 3
2 12 211 20670
3 404 410 1
1 212 327 17203
1 124 436 19739
3 6 83 10
2 100 335 18856
3 339 349 4
2 322 403 5306
3 348 435 2
2 47 198 22519
1 97 170 11237
2 12 92 29992
1 308 377 5526
2 9 96 8378
3 48 115 9
3 78 325 1
1 94 244 709
1 437 445 8431
2 91 219 847
2 291 339 18976
1 147 358 12925
3 263 444 7
1 98 391 31121
2 145 207 16678
3 288 433 1
1 224 423 28385
2 315 402 727
3 196 216 5
1 251 255 32126
1 70 192 23000
3 162 218 3
1 83 442 12116
1 51 289 6752
2 104 303 22197
1 5 236 18407
1 80 338 18038
1 4 210 7424
3 246 449 10
1 173 201 23562
1 239 423 30385
2 208 387 24009
1 172 433 4435
3 10 323 6
2 351 428 11683
1 5 106 7019
1 24 280 15951
3 192 393 10
3 243 332 4
1 12 412 19152
1 16 329 31651
1 41 310 3132
2 23 219 16732
2 48 455 26406
3 356 434 4
2 91 319 5904
3 238 458 9
1 193 310 16859
3 162 396 10
1 340 392 14928
2 153 186 15241
2 138 177 21147
1 170 305 13661
3 261 437 4
2 6 191 16124
1 4 79 1876
3 22 98 4
2 222 432 2956
1 254 254 31250
1 131 162 5169
1 251 418 7586
3 264 402 5
1 53 148 31274
3 90 236 10
3 241 455 8
3 133 361 6
2 90 135 32479
2 203 351 18000
3 206 392 0
1 53 383 32699
3 120 204 7
2 66 363 812
1 153 372 12281
1 282 384 16665
3 164 206 0
1 30 259 26464
2 197 276 3629
3 130 329 3
1 45 420 9878
1 83 453 13915
3 154 182 2
3 298 316 0
3 345 350 10
1 320 446 22985
2 81 378 14403
1 102 117 3415
2 162 230 11173
3 43 243 2
2 135 135 28128
2 51 61 26659
1 154 286 25071
1 362 382 25588
1 146 192 11120
3 88 270 3
1 218 311 6435
2 84 226 11594
1 378 456 8047
3 134 370 2
3 384 414 9
2 164 435 12359
2 146 195 21146
2 92 293 21216
1 261 408 21242
3 122 189 5
3 260 308 3
