481 526
8409 14498 18636 10027 24362 32458 17986 17730 11956 19192 2193 1034 29317 19284 16210 26242 11303 7051 30353 27484 14106 25203 19931 14267 22657 29422 9624 24379 30492 29712 13980 27954 3958 21636 18424 4917 14432 3371 30486 8414 19357 30471 17925 10445 1759 14424 25617 30445 14579 3332 25751 15352 20280 28220 22551 4670 22357 23901 31627 16290 18731 22036 29175 22757 11529 11206 15426 10791 29215 22063 25412 2218 2358 29001 2080 29146 6046 29807 20180 7050 22119 25794 22286 22913 29140 1740 14146 31797 32012 21347 11769 3286 19987 13264 32108 2702 22009 18737 9553 3336 18769 17180 28405 28719 11493 2437 32651 27960 6824 15842 25795 17634 21228 22412 20383 24316 28117 24425 29059 808 16654 3784 12171 3808 19898 21900 8224 19638 19118 2957 1742 20704 7901 20795 16976 32499 24595 25477 24813 7407 10727 26361 20232 6012 24811 28204 21490 23411 13861 16220 20738 26784 32451 7508 30440 455 13322 6032 25918 7652 12176 9634 26720 32439 30635 4564 18814 4224 12329 30479 25839 30472 833 22011 31432 27616 5834 1384 28078 20973 25003 493 25576 8741 30099 24782 32440 5523 4330 27171 7148 12449 3335 7735 21936 5014 31907 10799 13478 13406 3725 4076 18489 25994 2208 1330 6446 20119 28403 19977 10875 14707 11087 5731 31837 22845 18662 3840 17829 28236 6209 20879 22354 27508 20347 20502 24165 132 31405 21395 30705 11795 20649 19940 19314 18045 16363 740 8031 40 18380 19671 7171 32012 29177 8 12424 27506 36 12720 20053 9211 8697 26138 28314 26853 18260 27141 5672 10890 25265 23370 19335 29993 12260 9406 13122 27625 21258 29018 18054 29979 25535 23193 22507 31680 14481 22050 23186 27211 1717 9895 8048 17064 10745 21517 31977 30588 10490 28365 5281 27311 18839 8858 11151 13608 18853 23620 18515 7127 4068 1756 3017 22009 26930 9241 30686 2199 9727 17402 6306 6992 11265 8109 17311 19033 20521 23472 24938 6594 3285 13622 30071 3579 26695 7884 22577 19862 8022 4156 22346 4174 26723 3505 12368 32585 25231 10781 6530 27290 1323 2264 19681 30730 9073 8842 18826 12056 22641 20810 16194 1598 28493 26631 22611 21878 7081 22823 21911 20989 5726 12399 12498 30551 29294 25635 14660 403 15933 16750 24191 23760 17662 30723 7543 11776 1131 2309 17368 22764 10937 7461 32156 10105 12491 1546 24796 30249 25766 28405 27622 2532 30757 165 10641 29433 26605 31864 28621 8544 20132 4820 27774 3650 30814 30917 29835 7866 19032 231 18737 9182 21225 15239 18334 7161 5557 25093 14011 6427 26660 4476 10057 28884 29203 6309 6703 6460 9929 23801 24850 22326 18988 6934 27943 8694 22068 1636 69 24513 21665 3064 29759 24564 233 15545 3184 13896 18037 8897 1431 23380 28428 1542 22502 13908 5520 25657 24405 29736 12520 8174 24124 20384 19261 11006 3617 12022 14697 12329 13006 15004 26284 0 25511 20792 2209 17667 32571 31982 20337 
2 213 280 26183
3 253 461 4
3 349 455 7
2 11 113 20543
3 105 278 4
1 140 413 10211
2 186 439 25082
2 156 284 8467
2 31 320 24252
3 88 277 5
3 223 355 0
2 51 73 15258
1 108 394 12172
2 153 376 9133
3 29 470 8
2 68 84 4034
1 81 213 3410
2 296 467 881
2 122 196 16878
2 177 258 21430
3 56 269 9
3 173 287 2
3 23 89 9
2 191 395 21477
2 310 388 19187
1 420 429 19258
2 78 245 23597
1 457 473 17148
1 290 414 519
3 275 425 4
3 65 479 5
1 199 363 2534
1 61 131 5254
2 96 308 28571
2 116 291 26425
3 47 231 4
1 65 202 16298
1 166 411 17548
2 218 248 16828
2 262 378 12844
3 46 357 8
3 94 437 0
1 125 195 15608
2 222 469 17569
3 149 252 0
3 117 440 7
1 96 250 9676
2 18 154 12575
3 185 432 4
1 160 239 22464
2 49 122 23380
3 129 397 6
3 274 291 8
3 319 424 8
3 200 271 8
1 155 218 20263
2 136 212 13818
2 124 256 6742
3 65 118 0
3 207 220 5
3 271 307 5
1 85 367 3895
2 174 407 8454
1 80 89 14508
2 49 87 24677
2 347 373 14114
3 45 410 5
3 208 278 10
2 14 357 23378
1 393 468 13414
1 374 462 17406
3 240 464 4
1 88 424 9034
3 136 445 6
3 206 397 7
2 57 320 954
2 244 355 27659
3 198 360 1
1 272 336 17343
2 191 466 5069
1 94 410 21393
2 22 481 18689
3 139 340 3
1 180 368 18558
2 252 391 12826
3 271 381 7
2 379 389 48
3 15 368 6
1 13 442 27171
3 100 442 8
2 144 208 17147
1 41 440 18348
3 188 361 7
1 423 442 10374
2 207 296 32057
3 74 162 7
2 379 448 998
3 52 275 3
1 393 455 18695
3 409 450 4
3 74 99 2
2 183 374 20849
3 56 379 4
1 348 457 7889
1 86 371 25027
2 209 359 21907
2 178 426 30983
3 414 444 6
3 397 477 10
2 291 354 13775
1 206 319 31923
3 108 285 8
1 149 428 26786
2 190 217 12594
2 59 362 28899
2 134 414 26556
2 232 288 21971
3 88 210 8
2 288 317 15092
3 391 393 1
3 215 464 9
3 77 468 9
3 237 315 0
1 3 240 2206
3 198 261 9
2 328 460 4741
2 35 414 12654
1 18 253 23339
1 236 429 14599
1 100 440 15877
2 115 169 25552
3 267 399 9
1 244 412 28996
3 382 415 7
3 139 346 2
1 226 406 11869
3 397 462 5
3 358 424 8
2 4 462 20144
1 127 372 3101
3 20 269 2
2 178 328 27112
3 76 280 5
1 92 422 1309
2 251 367 27733
2 22 77 27221
3 270 349 6
3 116 164 9
3 10 146 10
3 74 319 5
3 120 183 2
3 27 217 9
1 56 142 5590
3 8 132 0
2 3 18 27853
2 73 290 16544
3 393 417 6
2 96 175 10038
2 217 345 14243
2 88 478 739
1 277 473 14794
3 386 480 1
2 367 402 26585
3 224 275 4
1 106 111 24463
1 85 284 31514
2 313 333 24013
2 58 357 18106
1 103 315 14616
1 209 222 15088
2 10 379 27674
1 348 448 2408
1 126 480 12321
3 145 229 0
1 59 64 10142
1 63 107 18366
1 50 117 6312
1 51 241 20072
2 420 433 14199
3 22 371 1
1 87 327 233
3 14 132 5
1 26 335 9472
1 12 307 3671
2 80 157 354
1 189 210 23854
2 197 204 11223
3 65 468 9
1 144 337 3279
1 120 446 16536
3 144 295 3
2 119 211 1773
1 103 160 16430
3 191 447 0
3 42 54 9
1 178 411 12080
1 80 240 12987
1 4 462 15288
1 169 468 11795
1 297 392 488
3 169 187 0
1 241 289 9801
1 194 439 19269
1 221 374 9412
1 148 254 30101
2 402 437 13099
1 330 418 3477
3 144 467 0
1 98 407 10140
2 277 459 14188
3 343 440 1
2 234 404 4314
1 242 471 31813
2 63 146 30297
1 3 138 18503
3 108 348 0
1 177 217 7694
3 277 374 4
3 143 191 0
2 27 53 32217
2 94 359 4531
2 24 379 14507
2 66 459 8721
3 10 145 9
1 393 453 1586
1 87 418 14825
2 229 284 5040
1 161 465 23081
3 229 456 0
2 90 147 4487
3 298 303 5
2 148 151 31207
2 79 253 24816
2 214 313 23058
3 134 185 3
2 214 276 30770
2 13 467 18538
3 339 351 7
2 44 164 30349
1 101 408 25332
2 101 170 21297
3 18 201 6
1 30 100 32526
3 278 367 1
1 98 134 13186
1 376 377 22657
3 86 117 8
3 266 442 7
3 195 316 0
2 166 299 15169
1 4 135 24623
3 239 261 3
2 207 361 16633
3 83 349 7
1 80 217 31306
2 319 375 3060
3 386 390 5
2 254 384 791
3 66 110 1
2 349 432 28851
3 191 480 8
1 338 477 22151
3 329 350 8
1 385 414 18616
1 16 473 17422
3 175 177 0
3 154 455 10
2 279 431 7600
2 217 344 25248
3 5 34 4
1 49 158 23686
3 95 418 7
3 45 223 6
1 266 451 72
2 5 470 25659
3 180 465 1
1 231 324 24737
1 146 420 22233
3 42 287 1
1 107 116 14542
2 234 434 21194
3 80 475 10
3 60 378 3
2 127 452 20309
1 134 290 21663
3 410 415 7
1 279 340 3203
1 27 345 16625
2 34 103 14622
2 33 216 29238
1 276 393 7306
1 358 446 3278
2 389 450 19844
2 206 300 25784
3 12 215 7
2 85 413 2137
2 78 468 10573
3 401 438 0
3 51 209 10
1 88 318 12095
1 306 358 32311
1 66 71 6592
3 122 464 2
2 416 439 29550
1 224 291 26686
1 199 336 5151
3 219 301 7
2 353 456 3345
2 50 329 15776
3 9 290 5
1 175 425 8995
3 336 399 10
2 69 95 24281
1 256 353 22295
3 412 418 6
2 270 280 24749
2 57 227 1703
3 358 434 2
2 91 397 21182
2 228 336 14911
3 283 407 7
2 191 277 24902
2 334 416 21721
3 36 229 7
1 344 448 30772
3 193 193 4
3 295 417 4
1 258 330 21195
2 125 157 19117
2 24 210 11283
1 100 337 24955
3 307 403 4
2 95 476 21807
1 271 405 8702
1 104 358 1916
3 34 230 1
1 367 426 17846
2 22 364 5352
3 56 467 2
3 23 323 4
2 94 474 1152
3 120 426 0
1 139 173 10350
1 224 267 13362
1 79 383 1033
1 8 372 23852
2 278 338 7258
1 142 380 1302
3 370 398 0
3 134 368 0
2 77 90 18169
2 273 447 4573
3 46 67 3
3 183 383 9
3 279 401 9
1 151 326 15798
3 175 251 0
1 31 170 17581
1 292 298 2820
1 170 468 16910
3 335 348 10
3 101 411 10
3 358 380 5
1 160 249 32400
1 169 373 8584
3 103 158 5
1 183 275 16504
1 378 395 18731
3 310 453 5
3 381 481 8
2 112 153 20809
1 56 333 15883
3 173 368 2
3 1 93 5
1 2 148 22331
3 33 50 5
3 449 474 1
1 226 230 177
2 212 265 31211
2 240 368 22159
1 196 379 11737
1 240 368 27495
3 31 365 10
3 64 344 1
1 131 458 3256
2 23 147 10040
1 144 336 3897
2 110 479 1668
3 366 422 6
3 278 328 5
1 135 168 7249
1 222 238 28706
3 294 329 1
1 155 365 27038
2 191 272 6939
1 253 444 28755
1 57 178 7490
1 140 430 26510
1 325 451 24181
2 218 472 20227
2 16 127 18569
3 65 205 8
3 77 111 6
1 118 450 6754
2 310 369 14307
1 143 414 29221
1 268 466 10632
1 299 464 30426
1 302 422 461
1 26 143 7080
1 190 362 29244
2 199 478 28442
3 54 395 6
1 108 271 32160
3 348 428 5
2 15 267 17422
3 78 257 9
2 206 211 12827
3 135 396 2
2 79 92 15587
2 198 435 2441
2 399 410 358
1 275 317 3615
3 118 466 1
2 281 446 23443
3 11 420 10
2 311 466 7821
1 291 433 13862
2 264 433 605
2 170 279 22751
2 291 362 23411
3 1 246 3
2 224 353 25060
2 251 395 10471
1 60 132 31724
2 15 317 29001
2 180 402 6247
2 298 425 17267
1 60 164 6486
1 230 430 1000
2 182 427 20064
2 146 324 2064
1 245 260 32591
3 4 294 10
2 75 392 1679
2 225 303 25738
3 188 418 8
2 45 104 21152
1 88 369 28142
2 152 481 9455
3 88 286 9
3 203 393 5
2 139 385 11197
2 20 480 17292
2 302 456 23150
1 406 476 28861
1 324 330 12662
2 155 320 14574
3 89 285 4
2 323 337 27146
2 145 178 2777
1 148 281 19425
1 76 215 12658
2 181 334 4775
1 54 230 11745
1 132 223 24947
3 148 210 6
2 96 478 23746
3 164 287 7
2 12 150 19697
3 64 376 9
3 54 430 9
1 88 450 7189
2 33 235 8168
1 128 467 6946
1 60 184 23906
2 101 310 13947
3 232 331 7
1 170 279 27634
2 63 481 10115
2 299 373 22779
2 81 367 22964
3 63 265 9
2 429 464 23124
2 335 447 15569
2 87 304 27363
1 101 299 31550
2 448 476 30532
2 194 470 25979
1 292 410 22591
3 15 344 3
2 38 156 9727
2 194 382 28854
1 92 170 6804
1 119 194 23154
1 73 210 1138
3 241 246 3
3 187 284 6
3 189 217 5
2 44 98 30411
1 138 349 2320
2 201 406 26785
1 20 364 14710
1 124 284 30582
3 87 324 1
3 257 380 2
2 136 346 16310
1 243 324 26400
3 132 350 5
2 161 194 6256
3 229 275 0
2 288 448 23734
1 270 432 3497
1 149 368 10858
1 371 465 774
3 56 335 2
1 287 298 30407
3 207 446 9
2 75 185 27278
3 156 301 0
3 376 464 0
1 31 352 27137
3 177 396 1
2 226 294 1029
3 123 212 10
3 76 100 9
