5000 5000
1913 1333 2051
1216 1883 1676
1929 1695 710
1158 243 1244
229 2157 1834
981 959 979
91 1383 1713
229 1130 2348
1079 1488 2265
1808 1586 2396
294 71 936
1723 1820 2203
1244 2452 1991
383 95 898
2482 2026 1811
565 1104 651
825 620 2170
2475 2017 25
1902 2434 235
1983 1044 540
1650 100 1850
992 1827 2398
1032 517 769
1770 2011 1312
29 2098 954
1565 61 164
117 2176 1818
1531 1233 729
630 247 826
1205 1637 1394
1618 1788 642
2315 1735 2413
838 1039 2152
815 825 1747
2403 68 2268
1056 2136 236
1221 1698 453
1505 976 1890
145 184 2129
623 791 1225
2453 712 1735
1643 2135 1808
1785 2007 218
1838 1271 3
2152 855 212
2265 626 909
591 688 888
228 1759 716
1293 1698 955
98 694 1600
2192 1225 40
1662 1630 1210
1770 1544 1624
475 705 2270
1385 1212 79
193 267 1368
2081 2290 1642
1968 576 1290
1680 1726 1461
898 944 677
577 9 1496
2169 1332 1998
660 2284 579
1049 2256 1385
34 576 201
1988 611 530
691 1724 671
86 1505 2099
844 2032 1198
2254 2249 1261
738 1368 1711
548 751 1198
1932 801 133
1879 3 589
2405 1169 1660
1531 391 1361
2071 317 2384
2178 1410 2217
1304 1100 667
1987 2388 114
872 71 1458
780 1131 95
797 247 1221
618 1056 460
1033 2034 1903
2064 566 409
743 103 414
2355 2369 496
261 669 1888
407 1138 610
71 993 6
1131 132 1773
687 2429 2243
1569 80 2277
1082 221 2301
2148 618 868
962 1298 2245
645 1218 1586
910 1747 2459
656 522 414
1188 2263 2126
1368 1897 990
1976 1687 670
1444 1802 524
348 174 55
304 596 2338
2478 536 284
1770 854 2165
1184 410 1624
1314 2020 928
1616 775 2129
676 301 58
234 797 611
997 709 704
2217 846 630
2149 1765 1048
2014 1452 1711
1274 243 169
872 43 1098
1323 654 185
1891 1013 1808
819 405 1981
1312 1762 1673
1366 2126 197
511 941 1539
517 281 151
419 2298 799
689 97 1681
1005 1166 2374
1595 2161 974
445 2206 767
1691 1902 838
315 2251 471
1204 2428 888
2012 1259 459
507 1128 1421
618 1354 1128
305 828 654
1487 697 1746
663 1570 879
636 1462 1505
1779 2147 2288
2105 600 758
2150 1435 1230
172 273 2426
56 543 1888
648 276 1208
1964 1747 553
1293 2404 1492
2302 651 2052
1578 918 709
1191 2422 624
215 665 2325
1312 1043 2271
581 32 538
1719 263 1702
830 536 299
2376 1420 1454
1753 11 1543
806 360 1353
2131 1085 490
1413 1156 2058
33 1617 124
413 1674 633
289 112 398
834 1471 409
1775 807 1524
958 876 2306
509 347 62
335 810 1184
310 27 1303
1226 568 1561
849 2057 2017
158 1603 1695
1121 1253 528
1057 1690 509
1597 876 446
366 486 631
1677 1081 43
144 2300 1893
1150 1016 2138
1595 862 1966
714 1248 1819
2342 1365 1726
559 180 1905
1485 1416 2125
254 484 1055
607 1188 638
898 1425 89
1958 599 897
1742 1262 2006
161 504 1374
1161 1597 2303
573 192 699
113 211 1405
2259 1142 1632
1909 523 1009
777 1505 900
1038 1113 297
2307 1820 1319
677 1456 598
249 195 85
2285 583 2092
1651 884 593
710 107 78
1990 320 1441
865 1514 2161
569 1394 1491
541 1316 2035
2166 2161 2444
589 914 1076
1407 537 1072
906 246 451
1246 2033 2459
1675 2116 2476
648 1675 1850
1677 1452 330
2075 1658 970
2405 318 2285
192 2364 1438
1739 650 681
792 312 1105
91 1244 902
1900 1821 2189
838 120 1570
1579 2492 2054
1084 1901 1619
2038 458 1003
2479 1146 325
1038 130 1618
124 794 2461
92 230 306
2166 233 293
1396 2369 1786
181 1136 2109
2003 2169 709
343 1245 47
2293 315 1728
1313 496 2106
1846 302 1983
389 751 102
1029 124 1613
2096 482 357
651 1346 2186
581 501 929
867 707 978
1439 2171 486
505 899 1577
1100 2352 690
1381 643 1755
228 145 1414
1207 2062 1621
611 738 765
1854 671 1848
2315 220 433
1268 31 1720
722 1745 357
304 16 1532
1969 350 2128
1697 50 1760
271 938 1052
32 66 701
2127 1833 2439
335 1002 831
337 530 14
1528 1690 2246
1194 2175 1967
1984 1049 1718
1645 161 2449
303 1759 1640
753 411 1323
376 2332 1503
2144 2172 871
90 1507 183
606 1406 2319
178 694 1654
2233 1249 1987
1249 1048 128
24 1197 1890
637 1550 446
321 1820 859
1339 1246 185
1885 2294 2486
97 1597 1288
1280 509 961
371 1371 2288
1708 2083 2049
694 282 830
762 1203 1284
720 1497 1079
2293 671 1915
591 890 1994
330 148 70
928 1654 2210
1225 1278 640
622 1498 406
1205 2179 922
1228 1518 695
1948 636 2402
1207 762 1512
2211 2305 496
1169 1908 414
516 1570 1500
2403 1362 774
2198 2051 1365
1390 839 2246
2187 1754 1256
1130 95 1744
1124 750 1724
437 1804 1650
495 1005 1975
2220 569 2212
2110 1740 796
915 2312 1260
230 1076 166
2408 598 876
709 2307 1572
252 264 1485
408 528 939
2469 1882 610
757 368 529
1594 829 1163
2437 2191 333
754 565 132
1167 1474 1955
1110 353 1074
2136 1511 1723
1791 1005 1268
639 1616 238
608 1716 2386
994 170 2016
1693 2325 1080
1677 1379 1583
59 1175 202
247 1313 820
1891 165 495
1796 695 1153
1228 223 2148
102 2113 1072
626 2139 52
1517 2484 168
2118 148 2439
1728 2311 2017
490 1821 2079
166 1136 2234
2171 1956 997
2012 2252 1746
829 1737 1921
403 1464 1823
1584 2018 1415
832 2345 782
800 1870 855
895 1019 2070
2295 2255 523
510 419 1857
553 868 449
30 2482 2189
1641 1744 1156
661 242 1588
976 202 2109
2126 185 484
1453 616 1349
1313 877 1270
2333 334 1486
648 417 28
284 2055 1782
402 618 1464
2400 1477 2057
2033 822 1375
1773 2463 262
1508 1216 1808
2122 2195 1763
1413 1759 2035
2233 2299 1537
1179 361 2285
1976 1373 1972
534 1172 978
271 1494 930
1442 261 1874
1261 1266 781
332 408 1129
1976 2226 175
1208 194 2003
29 911 63
1216 2344 688
290 444 1420
1019 615 819
1568 743 2297
1208 955 1705
301 1257 1934
375 1051 2120
796 2234 322
1774 1638 241
2307 554 1877
314 378 1504
2462 2428 2140
695 2401 1827
445 2432 1338
1981 522 1850
479 2193 1828
2161 323 711
525 1868 1248
1293 46 2094
1750 1175 397
850 1871 955
1205 669 389
1312 996 1535
924 1412 267
1884 421 1142
712 1783 1371
2162 2332 61
939 444 1399
1975 1519 328
216 1331 1789
576 1264 1016
2215 1865 1710
2149 403 1975
880 1306 2393
1198 1986 1674
1983 1642 105
1920 968 99
2391 1946 1052
668 2315 1955
431 2441 527
1079 1867 1398
81 371 45
98 1669 1170
522 1525 32
698 2413 413
321 311 2462
2064 436 1639
1198 1406 2379
1016 1730 1407
851 1481 2271
1005 768 2206
281 1339 2061
35 2408 756
103 1719 83
670 930 781
643 2125 66
503 2361 1880
1822 1877 1155
1434 1337 1452
2274 1881 1568
273 969 196
1807 1593 1655
752 1111 982
442 2288 470
1205 1164 2325
2197 20 249
1909 2420 1238
157 828 1909
1426 2355 1910
819 2251 1054
1738 510 713
2317 55 1297
586 1405 628
2288 142 459
1932 2498 1333
128 1887 2490
2202 484 1149
605 511 886
239 1794 1985
922 2101 238
55 1947 1255
648 314 2281
1084 566 1009
897 222 948
1209 1215 1429
282 64 1612
842 1403 1007
734 93 673
2263 2345 906
2260 106 141
2291 2131 1048
88 1227 899
1676 1491 2418
1202 1732 333
2131 622 796
1050 1664 2225
1285 771 932
204 503 577
1206 2327 2209
1593 843 307
2454 1239 846
1280 2426 1378
1562 211 2267
182 1235 164
2030 690 1691
1504 911 478
1507 363 680
2035 555 2425
1558 974 1072
2276 1544 1482
2173 2436 540
1772 2224 1403
853 555 1358
1179 2188 746
2469 2267 1262
1418 905 1334
354 2426 402
1243 172 354
2264 2291 964
1283 1324 603
1461 634 1745
1286 1302 1968
1121 750 963
536 2179 357
1903 1035 2138
2336 1481 782
1190 1018 1356
2207 868 586
408 1972 807
1465 137 1978
1842 257 1131
1696 841 1504
1469 2000 303
919 1421 849
1964 1326 1472
474 2107 1628
1999 71 627
904 495 1751
1710 643 769
1641 649 333
818 1498 1394
2227 1507 2288
2115 1963 432
1622 1652 1079
375 1504 1124
1541 1622 911
1958 683 2322
2070 49 836
2453 1202 2038
6 2168 2106
112 1033 1868
636 1254 2329
1708 162 1225
726 728 531
1776 1020 1436
1022 1745 221
2374 1615 153
862 2032 351
1646 1618 1792
2301 1277 2102
1714 460 1
2341 580 2083
996 2282 682
2479 2219 1779
1439 310 605
827 2500 1718
312 1061 2183
1737 185 1645
1398 2037 1789
1228 444 1697
126 1232 267
1481 565 2300
770 698 1274
1566 579 730
2089 1647 2301
178 2188 932
435 1691 257
1429 1604 2044
1845 2343 1926
222 2355 1900
958 960 2367
1734 223 1793
910 401 2453
1732 283 35
2272 203 1218
502 956 1515
36 2138 324
18 2476 135
1282 1265 2459
1111 1659 1546
1060 1807 481
1280 2355 1055
427 761 128
596 2224 1796
278 387 907
1398 489 249
1566 365 1504
1045 1813 2357
1750 521 1991
235 718 128
2322 1214 587
1585 1317 1257
463 1474 458
2035 2010 253
2011 737 784
884 2364 1639
2163 2019 2265
2363 2298 1587
203 2116 2282
336 2163 1680
551 759 2168
382 574 312
826 1406 2108
1612 1933 2003
1457 1536 1926
2194 202 130
2006 1007 166
1138 258 1118
840 827 94
1440 506 1051
18 1279 1720
1632 456 1265
43 1837 1793
2348 1834 2419
2428 884 1107
753 1428 544
186 1575 1201
817 1170 1622
328 1849 1929
1097 98 1298
1 613 2231
1024 78 1717
915 1872 230
879 1867 1887
1393 2430 754
119 274 439
300 2035 2432
2222 318 1479
716 2248 436
2160 140 630
1735 1188 758
1390 1525 1392
1460 354 510
1966 1033 2199
748 238 1662
1271 2247 2211
2403 374 1247
2012 2500 2215
417 1396 1554
723 911 2074
1593 2217 1341
1076 9 269
2282 1203 288
456 2474 1306
282 1487 1839
2234 802 888
948 174 910
1241 1324 1531
1453 995 2098
2205 864 936
1900 1274 489
2222 978 2228
1834 71 474
452 1832 1736
1746 1490 2236
1649 124 2085
1284 1608 175
761 651 710
938 1305 655
1835 2214 2382
2478 1565 1180
1543 1071 2113
2206 2221 58
282 229 508
1847 305 2039
1799 603 1516
920 1979 97
1024 964 2048
1634 950 2360
1125 593 609
1329 901 183
176 1694 125
1359 1460 1765
1854 438 432
2475 2415 1934
2064 814 1123
972 2209 222
920 846 373
2107 381 306
16 1280 1231
1203 1047 985
2472 1445 814
1694 372 227
2109 1234 468
2329 463 1303
356 1746 748
1466 848 1423
964 351 353
2395 463 106
593 54 990
192 1281 2078
2160 2283 869
1915 2035 1834
1543 1839 2046
876 941 869
537 1204 2392
1721 1236 2209
1343 1433 2304
275 1372 1928
935 772 794
1423 133 1713
765 2057 1350
1723 657 641
1018 123 2045
1130 1853 1942
2146 2325 1501
964 1778 622
152 1462 1553
158 1949 284
219 2448 730
1342 935 1636
1169 1900 1630
1792 578 622
2368 1138 2221
2431 203 1368
2393 1961 1499
2378 1726 26
1362 10 262
2115 1437 922
2027 1085 1984
2219 204 2303
888 135 1794
566 456 1986
652 770 355
2344 1053 1997
1448 1388 149
161 2442 1674
742 2460 1429
251 2449 827
1704 2287 1945
1479 2491 588
1979 1444 128
1013 658 1488
1224 1932 1674
930 1978 1333
101 2451 1132
1058 1712 2309
2197 2282 2297
425 1911 1736
2095 529 1850
892 52 2117
1896 246 1791
2244 634 2281
1356 2257 2015
1432 421 1132
1119 943 947
2262 2047 809
1695 1875 443
917 1628 439
124 977 998
318 2159 1914
607 1560 280
1604 719 1649
860 1661 1470
1604 1650 1114
412 1878 2165
2357 1884 2255
1302 1125 351
97 1998 1253
622 204 528
227 503 833
1392 1401 656
1207 2127 1188
152 1174 866
1266 2290 103
514 1917 1039
1170 1083 1725
2376 1433 1206
1526 264 921
1621 1928 951
1466 2264 88
290 1472 2398
342 665 1798
2309 1077 2092
757 688 428
2298 1231 1418
1334 2319 256
1791 2404 1638
844 977 2127
82 349 2330
2425 2464 1352
1816 1195 389
585 1017 1130
572 19 2327
1898 1379 2126
1866 142 1456
1051 2368 1365
1791 1627 2014
1625 88 1676
2441 1083 793
37 1752 2458
2464 2148 614
477 1168 281
1329 1663 1491
2096 1132 1530
131 2477 1989
1084 929 488
439 909 2354
2015 528 1324
360 793 2106
1811 1758 1208
211 1197 1698
1468 2236 431
812 909 1745
415 1565 1900
272 2008 1880
982 1944 330
1851 632 664
1067 269 1363
2354 644 754
1567 1123 1841
1839 801 1830
2195 435 1541
140 1372 336
319 1191 1364
585 1203 720
573 2468 590
1599 200 1026
386 2208 2076
1858 1425 262
366 2360 1084
261 991 1585
257 1523 427
853 9 1899
419 1397 1833
1806 164 2329
1060 1114 581
540 750 1359
2149 38 1041
1863 1696 1000
122 1617 702
1900 760 204
618 1085 1462
436 1367 1352
1546 823 1438
918 39 77
1869 63 1236
1424 697 616
1333 426 1535
2398 1278 1089
967 2482 1919
958 1333 856
2365 1571 2130
733 614 505
1331 1804 2043
1783 2447 1186
1501 233 707
446 826 99
332 1791 2281
1229 1736 2289
361 1260 1761
1361 2265 184
1838 2425 37
2342 538 1538
615 237 1873
1777 1202 108
1932 2357 1025
790 1149 2399
1246 2205 2248
1986 1247 6
1951 1181 1916
870 2030 556
570 1186 724
713 832 2390
1076 390 2337
1098 1227 2314
1821 2241 1462
115 182 234
1002 1565 116
2160 30 1463
617 1529 1893
2192 488 562
2226 583 274
122 949 2338
1334 1267 619
1177 1213 586
1749 668 2381
796 949 253
1505 1407 812
2252 1371 364
5 832 1021
1034 2426 2430
197 1170 1118
531 794 1435
382 2374 1585
1129 543 1175
1093 29 1046
1287 184 1736
1323 1933 1521
623 834 761
2039 561 2366
1526 2375 594
1830 719 13
104 1591 1820
792 87 819
311 944 1317
1284 764 2360
1447 376 2323
1148 2266 789
1860 279 1950
2159 2347 2334
2402 92 60
255 291 67
84 2087 2468
732 1216 2142
42 1517 163
1644 1077 1354
103 1648 683
909 1186 817
649 1943 2077
54 1814 1383
1735 1290 2184
1418 558 2033
1196 1561 2495
617 1040 273
1317 1280 1322
614 2132 777
1784 2053 488
2058 1871 506
2463 2377 319
1829 2492 828
1052 1783 2062
1557 1130 1200
431 1858 689
368 1416 467
198 1719 2303
302 2473 1477
341 833 1686
997 284 177
102 1996 1697
1851 2162 1889
1325 1889 364
764 1250 680
325 2091 241
1525 1923 270
2491 598 1722
104 2204 596
286 873 909
1901 1996 820
1158 1622 2064
1814 1155 2109
1637 1078 1886
1992 692 175
1386 808 511
2256 350 142
1809 943 84
1349 2333 1030
2114 2308 68
998 1954 897
764 275 415
1231 2179 1628
326 2211 1647
1650 83 2336
2001 2104 1027
1927 2116 945
1690 309 258
259 295 2152
842 949 972
1775 706 218
2479 941 699
1362 438 1798
1126 2041 1854
258 1986 1404
397 1960 2260
2248 2446 1939
397 2467 814
1090 1277 19
1160 85 1001
2052 320 1587
62 2396 719
1944 2203 1665
1403 691 893
782 935 10
348 2009 2132
2284 762 1007
370 848 564
434 2107 38
2068 950 1658
590 1464 2117
267 885 1266
2237 2429 1979
282 2078 1873
1183 1741 319
1388 350 792
2341 2469 2306
2498 984 475
1506 2480 214
7 1495 1161
1709 785 689
2485 2246 755
2464 1523 1649
1770 711 2094
1528 233 847
2421 2280 1280
2238 584 407
2144 1489 1815
1161 438 1637
610 1820 2047
467 345 2387
940 580 24
1550 2087 671
1254 280 1582
1422 1976 1987
417 496 486
207 681 2016
1358 2011 1470
1281 545 746
2111 1874 1845
262 1142 1786
2149 7 1506
538 1411 2204
103 1103 2182
1385 13 2285
1608 1794 1724
142 1521 2071
528 1192 1353
960 1899 1099
2015 121 1313
2392 240 824
997 732 664
1000 841 444
1868 502 1545
283 1569 156
1090 823 119
1499 1821 1070
2330 561 1808
1322 61 1900
1887 431 610
2057 599 1540
2480 177 152
1558 760 1759
2011 852 1015
1931 2442 1788
386 2027 567
414 1542 1048
925 832 1049
2494 1686 1350
267 823 1032
1151 1503 1560
1436 2283 1614
742 18 564
796 2082 1247
2132 905 1635
167 2174 1212
1036 957 1829
1504 147 1553
920 1588 1900
1263 375 198
685 1533 215
1360 2289 2026
684 1673 248
296 1761 175
2460 2056 2023
950 2269 2191
227 1858 1194
1146 962 1070
1779 143 1330
1069 2240 860
582 510 1324
1126 290 2376
573 328 2156
779 1995 1069
1122 2096 2056
2384 1172 230
2026 1072 475
1390 686 79
772 457 295
402 1347 695
1395 305 741
1467 114 141
255 277 1931
2433 277 1424
843 2480 1164
2464 2223 842
309 2470 182
183 1467 2417
2367 1845 2377
520 325 1648
1450 2184 1402
1101 574 218
2429 2050 505
2321 1077 1946
1218 1580 1151
258 137 1510
1231 1086 2269
1286 1830 756
180 1352 765
1015 1779 988
1763 1051 606
1262 1789 684
1827 1617 283
576 458 993
121 662 739
1571 1426 199
764 2498 1778
404 817 203
2061 1614 652
70 117 611
49 1801 858
809 2078 1934
937 1263 1663
106 444 89
732 380 638
863 31 583
389 1756 1501
447 1021 589
1247 1886 2051
1858 398 1747
1562 399 1167
2466 2175 1510
51 1230 2211
1453 2130 327
996 43 694
255 617 2474
67 783 373
1376 2340 109
496 2150 2278
2422 1827 2016
379 613 680
1800 967 205
9 1845 243
709 651 1871
600 792 578
438 716 1728
460 469 281
1676 1514 1396
2482 1359 1457
14 2261 1229
1150 1383 1104
2138 2491 491
603 1374 543
18 144 1917
961 1579 1568
392 373 1636
914 1927 23
1478 1414 2180
2204 2253 1855
980 1846 864
2357 1225 1124
1117 1305 2046
1152 1364 2191
2441 2475 106
2395 751 2021
1563 190 463
1154 1855 1868
1228 852 1111
74 1132 1939
1669 1935 349
1750 337 1122
1889 398 1948
1447 651 1055
474 1648 2320
303 2075 2212
1046 2424 92
1181 1465 426
2092 695 765
1360 1180 517
1975 267 732
623 1369 443
491 2254 390
1678 216 477
715 258 1139
497 1804 1838
116 285 453
2120 1106 2420
1754 2085 1742
950 1013 223
969 1608 579
504 632 2369
2440 1912 644
2288 547 209
331 1382 1822
1447 627 679
1569 463 106
1775 2409 1581
740 870 1588
1295 11 234
413 2003 693
51 230 1293
599 2337 2219
2302 1066 132
1814 2076 1506
1092 1577 2306
2109 1488 2211
326 2476 80
1853 2406 1610
2391 1130 232
1669 2112 672
1435 2327 2428
1334 120 228
191 1201 1138
1442 1816 26
1885 1361 35
1327 1676 1808
1792 1475 1151
444 397 1743
876 563 1654
178 2459 1835
1643 340 2439
21 992 1172
1432 2232 1314
341 1480 976
1726 1472 2052
821 172 965
1065 1097 1112
1730 1504 1148
1334 1081 200
1124 1790 1196
2274 1250 124
659 639 1382
2279 2240 1827
1578 386 1628
2236 2322 1371
2047 821 2339
2410 1179 905
1840 1619 523
2186 762 802
118 550 520
445 534 2327
945 374 1672
1810 1276 730
2146 171 1628
507 864 2004
308 2397 1769
2475 317 1161
1376 1354 1575
22 2296 339
1789 193 143
1469 1003 958
177 304 2302
1149 2247 665
453 1451 2107
1098 1342 1569
2340 1354 995
1793 1645 1325
890 107 1767
1939 2093 1204
1095 925 1571
2372 480 2231
454 1271 1532
2412 1797 226
1684 1370 2193
808 2084 344
2235 1970 1124
484 188 1150
959 289 1070
1118 1616 1382
136 1907 1430
186 1098 1448
2201 1279 1509
1903 913 971
1986 2169 878
2457 452 1640
328 1710 887
1278 1077 1290
2361 2491 258
812 729 609
668 1140 364
2490 1929 1917
584 309 1647
1721 1042 1016
1752 1088 2485
2209 1482 2462
1918 1103 1075
2000 37 1131
1537 381 938
113 1428 1877
291 972 2184
1277 225 2405
1094 1252 1936
774 1993 838
1803 2172 2393
1153 1556 2099
1154 1316 1455
1465 169 1085
1914 1134 910
1253 1617 1514
1250 1063 271
551 494 1825
564 1762 123
560 1595 940
1603 635 1843
990 330 111
2497 109 817
1392 1190 112
1122 458 164
100 1127 1317
972 1021 1419
1723 1796 2499
1421 1998 1444
236 1831 1597
1584 427 411
2495 2127 1250
1461 511 1450
986 469 1192
1900 2343 1283
1066 502 613
2369 991 610
1349 782 2242
759 170 1045
402 2437 928
1947 1131 1762
43 1647 1990
1342 1090 569
137 2414 2419
836 1983 1354
503 1499 474
1674 1773 835
1796 320 1510
840 388 2238
1666 2020 363
2024 1023 320
1734 117 1585
1998 2164 1623
1737 107 367
208 1927 648
1907 1311 2343
1690 1295 829
1385 1284 2460
2346 2256 1940
1161 327 556
489 2399 150
805 2251 1517
2154 1157 1977
198 1843 2069
1890 397 1710
460 736 262
446 760 1961
190 2440 1005
2214 1154 408
329 156 634
479 226 598
380 1275 707
2128 1943 1772
1303 112 209
308 587 406
700 207 226
2405 2113 1147
952 1298 1104
1523 940 139
714 1682 1173
1174 204 464
2234 578 1702
1250 1035 2019
761 442 297
1704 763 1539
1108 2319 1532
991 2438 2445
873 46 766
2091 1832 1220
738 651 385
786 91 2290
310 1185 1892
1870 1629 2412
2440 1155 229
2445 458 2040
87 2301 377
1110 34 500
2035 1755 2153
972 952 604
423 2004 657
58 2155 1062
1957 1020 1437
1315 1550 2230
1121 2112 180
1138 1996 164
799 999 321
537 2234 998
569 2488 191
2447 1532 931
2075 814 1011
687 2 974
1613 347 2032
2486 2147 161
1219 2424 72
304 181 727
2425 1096 1609
1175 1604 626
607 66 1350
1006 2114 1906
975 1953 2071
1532 538 877
43 1276 2082
393 730 951
2014 2111 975
2235 318 255
425 841 1738
1022 1142 1450
2158 1482 2330
1252 637 1259
1432 2102 2136
2227 1786 1246
2244 2330 26
595 554 1648
1302 872 1725
2382 1372 2227
314 391 1528
37 722 575
161 1756 965
1428 1600 469
473 757 1335
2185 874 1399
2141 87 1901
103 983 2127
1681 2094 1346
1037 1477 1004
2169 1491 1537
2118 2277 989
670 1787 169
777 403 2238
207 240 717
2324 476 1159
441 1388 1426
1855 1382 1562
2374 1811 1821
866 1882 695
1045 1133 1634
128 1339 24
745 1591 1467
665 1410 2442
522 198 2311
474 2315 1890
2258 261 529
255 330 932
562 233 456
127 1758 1321
738 463 2492
1745 76 2030
1727 453 668
2337 553 2129
876 275 566
749 495 727
1728 998 549
519 1052 563
384 449 413
2162 223 40
1420 536 1136
1611 1454 1372
717 1349 2198
1921 412 106
1635 1440 1003
512 1723 820
1115 758 981
965 1003 452
543 1076 247
2083 1954 984
393 1352 704
542 1954 2052
1602 2190 1330
1769 1411 1405
1155 2483 1512
1137 1813 413
2069 1824 1456
2151 676 1756
742 160 2231
3 693 994
2481 1746 651
2092 1185 1816
844 2372 182
1415 664 1965
1904 905 2008
1147 44 2395
1241 1320 1625
1334 1694 1689
1418 641 103
453 1825 2284
583 952 2111
966 255 1061
1604 1848 1654
17 1729 1610
1186 211 1718
273 1408 179
354 962 1495
26 138 1417
1044 290 162
470 1491 950
864 1573 1440
1104 2310 1577
1611 867 2372
2016 590 2339
83 1207 2136
2214 300 2430
915 848 1666
1151 524 2402
1461 604 2143
1755 2184 1931
462 2064 1672
948 2414 271
1497 1848 1422
108 865 712
1197 1633 1639
389 994 775
968 949 1955
2293 484 147
1018 2063 1679
1612 2245 2054
2483 1337 1872
167 195 500
1943 2209 250
103 2390 922
1591 39 2145
49 1383 1277
1949 929 315
1369 1096 302
2089 211 1139
1906 1298 1391
1708 1301 710
23 1821 457
2070 998 2164
2490 1400 2230
1429 1232 1017
1521 2242 1633
1774 19 729
2499 812 954
2486 578 382
1402 833 340
2479 847 231
246 766 2448
388 1411 2353
934 1805 1889
1337 540 1456
2430 2303 672
383 105 2164
1610 1542 831
2089 925 407
933 1785 1893
1514 2084 2341
350 700 1286
862 1180 858
2481 312 2243
446 586 2007
1574 1900 262
1011 2484 595
2333 1156 879
2032 1800 1256
1701 1269 1868
997 220 313
76 1668 1452
793 2011 1496
1059 832 1932
2331 1108 2297
1641 1170 788
633 195 1896
353 1795 1290
2196 1019 2173
264 1837 426
98 784 1312
731 1154 1324
1679 2461 835
1840 48 304
1840 1051 2309
368 1951 1985
2123 698 2311
2222 1387 197
453 672 213
2239 134 2417
1745 970 747
2441 1323 2328
1925 335 2254
1374 1044 387
585 2482 1417
123 265 2374
1075 1512 1738
2399 338 1863
1113 1624 1234
479 2288 1153
317 2454 1370
863 497 1528
662 2315 1502
1404 756 2136
2487 1665 1836
1463 876 223
1168 418 1989
2213 2194 1813
1829 948 1069
675 636 1444
492 1706 1391
557 37 2127
1722 2140 2023
765 18 1324
893 685 50
2313 44 1459
1256 970 1653
258 1634 734
1169 485 153
2020 1781 375
232 1170 2448
884 256 713
1693 1284 859
987 1170 617
1836 1213 1633
1880 2337 870
1714 2041 1034
461 562 1093
2282 904 478
509 447 1164
116 231 37
1893 2142 775
804 201 28
741 815 1956
2131 428 2308
2129 846 76
2212 797 2469
834 765 338
877 1617 1353
1654 1702 1575
777 788 2396
1680 1389 753
772 2101 418
298 389 172
1291 1341 2270
1545 810 2492
801 824 725
697 467 825
198 798 287
1945 1145 1068
220 1477 1778
1768 2425 2369
2011 2067 1693
368 243 40
36 702 2118
2030 2021 395
414 448 1244
1897 1033 526
170 330 2057
503 1183 1689
1524 700 1446
821 1787 495
90 1944 1214
2234 2244 1152
111 291 929
2395 763 115
77 1546 451
1169 837 1988
1898 969 806
489 860 1673
2066 1921 267
400 2427 556
856 2453 794
1195 1219 632
1838 1439 1915
1851 1448 2025
51 571 978
95 2033 91
126 1817 1693
1781 993 538
346 69 1933
2369 2273 461
2411 2235 576
1318 838 686
2086 747 2447
232 516 383
156 625 2135
1785 2305 1242
1948 1717 2407
1248 1434 671
1568 2312 1949
2434 687 285
2492 1366 2288
2466 1539 2087
1681 2431 978
953 2116 2395
2480 1278 2301
878 118 475
2173 802 1528
1544 1870 2165
2477 1728 1955
691 2444 1282
1154 1377 1835
180 456 956
30 288 1483
2113 221 2042
1387 138 649
1953 2048 2214
1909 1611 2271
2386 79 564
637 2133 783
2179 2421 1182
730 461 92
765 280 1648
1648 267 1334
430 353 428
221 1958 2158
1731 1882 353
1511 16 19
2226 2110 213
1380 1105 1992
1163 503 634
954 1624 1048
40 1216 330
650 2425 333
1025 38 317
546 998 1017
760 2139 815
1734 461 1190
145 159 1534
2213 580 483
1716 1701 490
311 1681 2184
921 850 610
107 901 913
1512 2379 1171
1651 1314 740
425 263 1456
1811 595 2020
2246 1831 1116
45 923 1178
1374 925 1735
2146 1108 2065
692 249 309
1040 1325 2346
6 1929 885
2153 2296 180
736 2346 1264
989 668 2194
338 805 1983
1071 1476 865
1884 684 60
472 1298 429
2127 1977 1788
834 1661 1801
54 2416 1628
1895 1120 1581
1025 2204 1965
653 2278 538
654 425 2448
122 1476 451
1449 366 317
1190 2211 648
2022 594 194
1842 194 203
2107 2333 1001
1967 1743 1098
673 906 1823
1424 1921 651
2456 2218 860
2162 1392 1030
1516 1254 2197
2180 1800 425
1197 1202 1326
545 909 847
1253 2435 1926
279 1116 1819
259 757 709
1688 1763 1881
1276 1773 1461
1357 369 341
204 565 930
2150 2400 1771
47 7 1010
1908 162 1203
1034 826 253
110 1725 2027
1349 284 1306
1661 1257 2473
1747 577 1208
2318 974 1209
391 2014 2284
2243 366 477
1642 296 2117
2023 975 2459
206 2125 2085
1173 154 1399
2428 501 1202
2287 480 2227
2464 1214 1979
976 1715 1098
2094 2389 2042
1724 861 559
685 1317 1757
929 1058 1912
472 2394 2473
38 1536 1437
2476 564 2265
340 968 1939
61 998 2180
1099 1055 299
999 829 1869
870 1114 2336
234 2331 1530
840 785 312
1759 414 2245
2150 200 1105
2072 1029 1951
1840 1140 1652
2167 1092 1827
1891 2395 873
883 318 1618
864 2116 2217
751 569 2029
1745 853 734
675 1900 1260
2330 1638 1472
1421 949 1796
2217 473 1091
709 1850 2106
198 1259 377
2439 139 430
715 1099 523
1326 2156 1534
636 1013 846
855 1064 1176
1753 1270 1965
1770 569 2191
2336 1090 2134
2039 1452 1257
1002 1652 2447
512 1163 2125
1467 2045 184
1259 828 1425
2270 941 333
244 2122 1234
2083 2191 1323
1392 511 1654
1892 1591 2221
2261 295 303
2084 143 1486
662 2191 1243
2454 118 1321
876 1974 1921
2429 1872 721
1306 255 2345
1505 1028 732
1065 1938 86
1385 141 862
457 2268 1061
2085 1354 1022
1061 1925 1751
1182 1321 877
216 1177 179
1973 1724 169
240 1100 2405
2307 845 6
2496 886 2171
274 1030 1853
1605 220 152
500 503 1969
1140 807 38
1629 1616 373
543 457 1152
1067 285 890
17 856 1904
2307 1416 917
2301 1078 1167
826 545 116
770 1988 1335
337 853 454
1988 342 269
528 954 1948
161 943 444
264 1302 1047
619 410 234
1459 403 380
2384 1628 604
945 1391 1039
927 907 1960
661 1915 1674
1479 1556 1948
1893 1259 120
1009 2461 833
189 1013 2030
1166 823 177
1203 1312 2337
1757 2268 1754
733 533 506
990 1184 2300
1658 228 1508
1513 154 931
634 503 1980
2005 1800 2223
2241 644 2328
2454 2362 890
1533 810 2146
678 1350 157
1465 661 101
2421 1264 1338
596 108 1506
777 2306 865
650 481 1752
1705 1085 72
1550 8 816
596 1322 650
968 1079 1460
451 1681 2333
715 77 1854
337 2172 1150
1844 2082 278
1210 1 1521
790 1601 2064
1328 638 1860
1761 2172 1485
2292 2278 1682
1020 1009 1900
1416 1163 1596
1941 526 2380
1361 748 1434
410 4 1206
1892 1207 1960
1769 1738 801
907 2068 1247
2154 720 1688
381 1228 124
2175 2000 1443
574 2129 1239
263 372 785
1284 2218 1640
1462 2022 1083
569 755 1912
466 203 1040
1357 2013 257
2274 1539 875
2465 1980 1463
1460 2422 1248
2342 81 921
1451 605 383
197 891 880
1000 1985 1536
42 1567 1770
2167 918 376
426 2459 1683
1832 562 304
1750 1346 524
10 1831 911
867 585 2296
1055 2049 1780
888 47 2321
609 2170 1458
404 2328 592
1958 366 2053
2094 2441 1368
1009 2498 1533
1719 544 218
1984 49 1856
271 1387 15
1422 17 433
903 442 877
514 1905 1775
1485 252 1373
792 669 1236
1461 1855 452
52 755 1015
2139 2424 2259
845 803 638
116 684 224
992 295 1767
2381 1748 1157
2331 2060 838
592 1300 944
1432 1123 1805
433 1153 230
1164 2049 1313
454 2482 1889
1578 1068 549
1635 2127 1525
2267 2305 358
1906 905 1796
182 474 2218
525 1452 1694
985 1456 1286
32 2069 1136
1496 2212 1632
1432 758 1591
484 198 2177
2328 21 1103
1164 1552 2498
1973 965 390
2327 2237 2310
932 26 1749
506 322 2441
1908 2251 226
1415 2264 369
724 381 1415
318 2019 2469
113 713 306
1584 1921 1396
1909 2160 2397
311 2444 254
636 2467 830
735 1416 2264
161 1021 244
1937 53 2298
399 1965 245
1774 608 1122
1006 780 1842
1177 411 544
1742 1438 513
2361 614 1470
2028 454 228
1601 724 1986
2295 1282 259
2500 200 1881
2264 1534 1251
1002 2046 638
2150 1772 1783
569 1056 1147
63 2016 324
1009 53 1601
1806 578 948
120 309 378
2058 1804 1826
655 2258 228
1748 1096 1645
1793 1258 2216
971 1108 1404
1967 2352 2425
2225 1782 317
1793 413 332
1857 1536 301
1776 1901 2463
1135 889 768
20 134 1537
572 517 385
221 1665 373
657 2236 2495
985 831 1651
1859 1528 279
1742 2064 2181
775 780 1488
355 606 573
2337 229 1518
2359 2302 2122
1422 404 784
1670 930 1569
2214 220 146
2414 1391 2382
596 2441 1177
377 2311 1033
1735 1475 1194
1148 1245 2170
1846 2 595
1851 1058 1511
473 972 610
268 522 2446
647 211 177
1360 91 187
1530 360 185
2320 174 2411
2245 2196 1654
2470 11 1915
107 713 291
1909 109 2273
582 1211 1368
2284 1232 1958
744 1176 1392
2298 1683 1161
177 1322 1616
1978 1595 43
889 406 1705
1846 1215 1446
1541 767 1280
317 1886 669
119 185 2245
2013 45 1636
2190 1348 249
2364 10 1728
2027 2430 301
2101 452 548
1062 2235 1589
255 2227 1094
605 425 1419
1753 1420 2429
461 2012 2202
760 946 881
736 1731 108
1119 449 1518
384 1064 2442
1051 262 2130
676 386 901
1474 2004 2186
1935 447 647
1427 783 1930
2408 1130 1478
1924 1300 417
589 1746 1370
1394 719 1506
777 935 1914
533 1700 2002
1457 1579 1461
2248 1682 1243
1571 2367 1903
656 1999 1950
2294 1487 1804
587 80 1946
2407 1826 1138
932 2156 1036
1871 1068 1580
1605 2017 1787
2482 936 725
1126 1416 931
2212 4 932
1519 92 534
1380 1014 1358
1308 1933 108
1775 241 854
1901 1079 1463
2203 1747 2128
1638 245 245
147 1203 899
807 1797 314
633 2481 365
66 2462 760
2113 2222 85
1595 741 1204
1535 1891 1754
1930 351 503
2141 543 2097
1918 1164 348
256 1153 1011
2029 871 249
784 1218 602
1911 2286 1763
2446 830 2426
871 805 426
121 2414 813
2438 1574 1516
2152 2313 2081
561 1904 2323
1529 949 179
1002 629 2237
1923 1978 944
1947 2384 2450
118 1304 1945
294 1486 228
753 511 1530
1608 1973 1679
1473 517 344
184 235 2291
367 2159 721
1918 1174 1543
996 1220 845
2071 475 1446
878 1633 1775
2319 698 373
1053 2103 232
1026 2002 1884
1133 1640 32
35 1890 1255
860 2005 713
2429 621 580
481 6 2394
508 649 1490
2433 1453 549
1204 2005 657
153 184 850
1046 2432 720
322 527 1147
1949 1810 414
2052 888 592
127 389 1751
484 2071 2401
317 1667 1364
1796 1069 1508
1982 1744 877
224 1077 710
366 2477 735
1596 1034 1076
2495 1595 2352
457 1400 922
1441 1032 704
516 1408 1987
2283 146 183
1399 1982 159
1987 601 1909
2067 2414 982
496 29 525
2158 1864 1537
660 2124 1408
446 258 1762
203 1724 1261
315 1075 1967
502 1208 716
1163 1327 2169
2196 1658 559
1974 2118 545
750 1045 545
1397 1587 1029
2202 1433 1791
69 1117 1232
364 1722 2372
987 2454 2349
2165 1810 791
1848 1905 1816
1132 1396 1274
1106 224 1997
312 759 370
1187 2037 893
334 425 1535
1532 362 62
1851 384 821
1192 2306 2304
1086 2332 1844
1305 872 2281
1948 782 1817
2232 974 61
2239 269 2010
1839 1481 731
2404 270 938
748 1014 2178
1290 541 1035
1549 1092 2394
1361 414 1981
946 472 937
485 527 1709
2303 1299 1090
1634 1281 525
998 782 780
1025 53 2094
1250 205 87
2019 1040 730
1175 289 2074
1503 1032 289
2322 1492 426
22 431 679
2258 925 702
951 450 1613
2500 1891 8
713 445 2195
229 2178 1492
1991 1214 2301
2133 852 188
1141 1828 36
1898 114 916
1889 1301 1652
1187 1466 1993
2059 1193 1961
1779 420 1853
2444 832 2249
1247 1681 1422
1932 402 1091
1470 2149 1538
1059 1591 1810
1315 1763 1923
2135 1931 2238
66 1765 541
1891 244 1443
1777 1226 1806
2210 539 1714
2121 869 1165
126 1549 1524
2347 1902 915
373 1468 1223
358 2459 524
2387 490 1499
869 108 2039
91 1386 1388
1336 189 548
1860 1607 588
380 827 1661
1121 1571 231
288 1106 2094
1139 1484 1625
1153 254 555
2373 1710 1940
2088 1401 2147
2005 546 2136
1713 2307 2282
954 1200 993
2429 1392 181
2025 2166 2045
1362 2143 345
476 1708 1454
266 865 1221
999 1488 1093
2483 1394 348
307 2232 974
429 1530 2040
1538 10 1974
516 32 2372
1784 247 2174
1483 1571 59
1268 728 1118
157 2080 694
1568 1613 341
1747 2050 1015
1004 1599 262
923 793 2310
112 2100 1377
536 1526 2309
801 2281 1960
286 255 1854
1400 281 726
1170 1206 2368
349 2204 28
1093 899 165
866 1147 1702
2028 1635 592
2211 83 343
304 1513 329
1670 2078 2166
2280 237 1506
1106 439 245
1937 686 204
1048 530 976
527 1649 770
2263 2154 2052
1162 2041 1958
322 1757 2249
1933 459 1772
1949 501 43
2060 1494 235
367 1822 1957
1248 703 801
19 2160 955
747 1845 1862
1567 124 2263
1342 372 811
2380 2423 270
192 1159 1010
2297 1140 347
1796 120 642
102 602 292
859 2135 1507
1109 238 808
2325 2369 581
2357 1792 729
640 776 167
2218 1854 1503
780 1516 2310
902 2068 2395
1676 1479 2097
867 1277 839
769 2153 1655
1584 2308 385
1940 2214 80
1936 1848 617
509 1455 214
586 1583 652
219 300 2062
1856 1857 238
1077 1752 1158
181 1721 1823
506 2275 246
213 48 2357
2104 510 174
2067 52 2431
517 1573 892
1032 1561 1793
320 971 268
13 1246 2398
1138 635 2300
741 1595 2249
850 1387 2174
2477 497 706
267 2164 2313
2005 1823 1703
875 1641 2071
244 230 350
460 2456 1356
603 1147 1752
390 100 66
1326 529 1695
1144 294 1558
169 1537 500
545 2074 766
1054 719 424
2054 1483 1969
1703 172 2065
920 1125 274
128 1246 909
1159 1772 1231
440 1137 1485
72 1652 220
1764 1126 410
594 1660 1645
1884 2004 1162
495 700 1675
989 1556 1726
1469 106 2271
317 503 592
1995 976 78
1402 680 1437
435 108 241
2050 196 2272
1416 2135 2487
228 2141 1879
313 309 1984
1968 1060 264
818 268 521
1985 1020 712
169 1667 2182
1010 1408 1851
2236 2210 1097
1851 2438 723
2124 56 1467
1163 707 2000
590 1553 2329
1384 2414 509
1911 1406 10
263 1411 1258
1261 1200 1395
1865 915 911
1085 2488 2077
2108 2416 400
236 520 1046
693 232 1092
1547 1016 1837
1757 102 1894
1925 2373 767
212 160 1596
397 562 2017
1171 2443 1202
1557 559 1012
16 1057 2124
939 1479 1810
1138 1233 1849
1544 1903 1376
774 1780 287
634 6 2013
1878 2028 966
1057 1115 2194
632 1192 308
832 1221 231
1203 347 456
145 760 1339
698 1103 1745
597 2132 853
1294 2191 797
66 2418 2151
947 155 1950
628 1978 490
302 1008 119
90 1915 476
2162 1878 1033
1630 1056 2218
2050 1658 1516
292 956 1828
2469 1579 314
1806 2099 1856
2020 123 75
2118 1325 1872
785 333 91
233 2024 1664
37 2357 517
2136 972 2439
826 2305 1373
2223 70 357
1502 1562 1151
2001 1088 92
1924 1369 969
661 927 2416
1239 1683 641
404 90 1951
2170 1028 1806
765 1551 1004
26 1276 1953
309 1660 1453
2010 812 1096
643 1358 1764
738 572 988
807 2041 152
1314 1660 1507
733 1083 2098
857 268 2071
1188 168 623
2 954 465
830 981 1057
2119 385 1471
1640 1640 1088
2131 1231 230
1526 2053 898
672 411 2219
1127 548 1123
1374 2341 815
938 2313 1779
825 1668 807
1238 975 1054
576 1536 2013
842 1595 2152
1914 1944 1591
115 586 1859
1337 1700 1506
963 1749 1222
1750 1734 991
2043 1413 1469
1854 2374 568
1963 976 1887
1866 340 2222
1103 2215 291
1748 1921 155
1405 1307 275
1599 1347 1022
987 1373 60
1097 2276 2103
41 1458 409
703 566 2027
2396 2281 2161
1722 1214 1198
1516 1110 1271
1095 491 33
2284 2064 1922
2383 1008 1147
2044 107 54
991 2409 817
2258 1925 1367
502 2433 931
1376 1287 942
1065 1284 1957
1274 675 1388
1710 458 73
69 1081 92
1957 2399 1331
1470 2417 1350
1525 1777 1302
2172 151 495
2041 873 1839
1834 2080 1281
1176 2293 875
638 168 170
1924 1515 1393
233 2193 1683
991 499 1618
664 1786 482
141 299 1713
1989 1911 2465
2109 2302 1602
2013 1226 1162
2466 1372 631
2308 1508 2128
1277 1791 1024
1585 187 1300
2454 1660 1578
404 31 1534
737 1522 1065
1948 876 61
2331 394 629
1809 73 1651
2074 961 909
2438 1473 1768
486 794 1215
1527 725 1316
677 1535 249
1588 1713 2240
2029 1314 1766
442 1332 2457
656 1940 1797
251 2282 822
702 935 375
545 2398 1743
97 1908 1438
1952 2420 292
945 1876 328
1158 2485 660
1207 1984 974
460 2143 508
1788 1625 1745
1801 696 2269
433 564 1785
2361 327 2491
1812 258 1047
278 795 1009
779 34 1046
336 1765 867
1867 1453 853
1588 855 1444
406 1642 2414
1005 1060 1809
2093 1206 2142
402 732 745
120 954 1264
1152 468 138
1280 1770 1460
1727 2321 1293
428 2452 2177
1566 1258 1551
836 178 1548
2163 709 779
1751 742 745
1228 792 803
2182 1277 1407
280 1256 1302
883 869 651
547 875 1588
483 795 1385
1130 1985 1722
948 1190 1769
2003 1891 1240
2463 1236 431
818 845 223
889 213 2384
208 2393 1921
490 2093 1146
252 18 1514
1656 163 672
1598 363 716
1668 218 224
528 1462 1770
1373 1526 2053
700 784 326
989 52 1825
1651 2106 1124
751 2310 1068
1308 1306 2451
1763 2231 174
705 239 2363
151 755 1652
1192 640 376
2363 274 1798
21 1654 623
2413 569 1709
36 2340 318
1696 202 1850
1623 586 1239
701 2079 1084
15 1833 797
406 1550 1171
122 707 825
2191 871 1107
768 617 604
1715 2029 1185
2114 757 2413
2301 1853 1283
2466 373 1883
2488 113 1568
864 983 307
725 770 2363
2030 2005 114
847 1982 1921
2360 1289 2457
2090 2360 1016
2000 1987 1051
6 2472 658
458 1826 2228
467 2339 713
1132 1290 2145
751 1914 2465
237 1495 394
271 1446 2169
1761 100 1477
1674 1791 1404
1464 1668 759
903 2022 1046
867 2047 778
318 2463 1490
1762 96 926
1788 2 2489
665 911 1549
592 1942 2279
200 864 639
1227 657 1646
861 841 1788
1020 580 543
632 2407 511
1426 148 1820
1424 103 1950
1178 385 932
2304 2152 1021
2421 892 1373
2197 1184 1601
593 1954 789
1592 1120 2302
282 1082 21
2321 2265 1315
1482 1303 605
2485 1954 2453
1157 756 121
344 1192 162
415 2270 793
935 256 2360
215 1083 1649
2090 801 1240
1608 1409 2232
2464 447 1927
599 2037 1176
1548 1811 1355
1850 2028 1000
2257 1110 2060
2354 1554 1804
2020 2148 2118
299 646 787
885 1596 289
2236 350 1594
1455 1855 1501
1550 448 166
956 546 1529
95 1054 1501
1890 2269 1597
2172 1810 2107
1326 1419 736
1032 1435 2034
1923 1395 1490
2057 361 1796
409 1746 1665
1872 390 1716
261 1031 1103
527 517 2368
1915 940 1655
1791 1916 789
2301 789 1993
392 1468 756
1623 163 49
647 1716 1934
479 991 1974
1623 247 2387
1981 2115 812
2235 227 2317
2472 1727 2500
1489 1812 2140
649 1923 189
1306 747 2385
322 1400 1447
1028 1128 34
1293 2006 615
1750 1360 475
2321 1420 232
1672 1910 1572
347 1007 2299
305 747 2011
2351 181 200
2161 1119 1443
2133 1906 1254
1235 716 1213
1899 406 1866
17 1112 277
365 40 2259
1788 74 675
1934 1119 2038
834 1649 1156
1992 237 1912
1464 85 2261
690 1628 369
14 1356 309
497 1204 1616
1236 2220 57
1139 1538 377
645 649 1726
268 223 1323
1395 1378 1002
2131 1431 938
1359 1715 303
276 217 182
2361 2082 2273
220 180 2359
627 492 1080
1029 2056 1667
1690 270 358
528 1567 2250
1148 1421 1400
703 166 499
1627 2500 2217
780 34 1783
1150 645 1792
1025 630 580
325 1692 1844
918 1685 1346
1443 2062 1180
425 919 877
1999 2380 1159
1600 2452 1152
1103 1836 2400
1179 2153 1247
2421 1666 1880
1764 957 328
5 765 27
126 1143 1510
2349 1690 1721
2498 931 41
1719 2169 1345
1367 252 1070
1281 1884 1305
1312 1260 1415
1316 587 753
460 1178 503
2433 1349 1437
1388 1815 76
1952 639 1989
183 2472 208
1596 1072 1362
2047 297 2334
2200 2422 1661
1065 211 2156
1565 2035 670
1596 108 12
2455 15 251
1754 998 1696
182 2225 2154
67 205 1562
773 820 2069
1962 377 2149
2404 843 1093
1040 335 2370
1382 509 1034
2270 1995 2408
960 203 551
143 29 2161
1053 243 94
1288 1324 1308
1126 784 318
2469 277 1958
933 580 1081
2312 2111 2389
1023 812 865
2475 821 203
2340 1757 1112
2123 807 2454
212 2329 2034
2446 825 2481
1707 1837 2067
676 2339 1960
590 1861 176
2379 2381 1289
945 68 1219
2345 1374 106
1359 1905 96
936 1572 705
1900 2494 1898
168 2188 521
575 89 1435
1571 2441 2414
1333 637 879
451 2186 1290
2175 291 1351
714 2162 1763
30 737 989
508 1197 2099
2336 1379 241
242 1331 2185
773 2055 1065
1100 1403 1387
1479 913 405
680 805 28
2419 565 2268
1425 669 1056
1297 1601 625
1805 690 1595
374 2240 1874
1099 915 2413
2318 631 134
961 778 2097
1871 1917 1859
2417 705 2110
686 1715 1034
123 791 1199
1231 696 2323
1168 2198 1299
1522 2383 2397
1384 713 84
1925 1410 1054
2067 1462 453
1659 2159 2028
2449 838 845
1147 55 666
2079 932 1354
1720 1308 1726
297 980 557
149 384 2181
733 1153 727
318 1592 2449
114 1623 494
406 2145 1624
1855 1311 1490
521 2013 1992
438 1093 2039
585 2133 1967
824 1657 2324
665 637 1825
2426 983 1156
255 493 899
627 1628 2097
445 2081 2264
950 1167 587
238 1812 906
2141 1045 1793
1783 509 1473
2249 3 170
530 393 2081
1028 2040 1998
1569 567 2166
7 1440 758
245 422 1299
79 1585 1345
406 755 2083
322 2378 1302
169 755 1594
2408 2009 475
452 770 1695
1181 1922 2127
1721 681 765
774 2420 666
133 805 751
106 1134 452
1960 940 60
751 1525 421
1868 44 993
2036 111 1181
1454 2327 2002
343 1302 648
581 907 2022
1721 1981 733
1783 2499 910
1086 844 1820
1723 1300 341
913 531 280
678 17 2492
1267 1265 2123
866 1599 95
250 1534 2080
1545 1697 2212
2026 532 1811
1984 1814 160
53 2243 745
2354 1291 1936
88 1713 2008
2481 336 553
642 1979 2011
9 2211 1697
1369 1359 128
982 1041 2409
1208 506 1988
2239 424 1896
2249 2482 1513
1057 1927 1017
899 1326 1958
1067 585 1522
1862 1637 839
370 2258 764
1946 1411 2288
1327 2357 2173
1916 2491 2206
2080 307 1060
443 1271 441
1686 148 509
266 312 1469
2284 1701 3
1065 1103 395
2340 629 880
1081 1195 414
305 2178 287
1760 2063 2079
605 821 317
2475 886 1189
1720 1969 2079
2024 40 207
358 840 1268
1502 430 722
2327 2236 1437
1960 1329 231
1977 1503 1884
1837 732 1874
463 1045 1949
199 2375 306
7 1510 2219
2267 1019 1055
790 2236 174
1541 438 420
287 2172 300
1934 1247 225
2385 1395 1846
1658 1967 856
1780 463 1783
194 2005 2124
1587 1641 610
2175 2410 1164
852 2048 2402
326 2056 1516
2262 219 42
570 1929 52
2415 843 2093
318 364 694
2059 2380 2264
2243 846 1347
1771 967 596
58 2126 2404
1768 935 549
2061 795 1457
1105 1762 1337
1986 1284 2222
312 730 559
392 1386 980
2343 1266 172
794 193 356
2282 462 835
1661 518 158
1640 1167 2122
1728 1870 1805
1349 1957 958
1143 2403 2275
1875 739 2030
2089 498 1909
772 1487 1452
1079 573 1263
1005 486 867
1121 1856 1990
913 121 1874
1102 457 63
2364 1292 2417
834 876 1037
531 1509 1432
310 215 9
1677 688 1139
2042 1924 1203
1505 1982 1279
1958 2036 1574
493 2319 885
1830 1319 1830
1588 2407 126
1867 1394 1448
561 1544 680
762 1982 457
1656 1698 775
423 1044 810
736 49 2451
663 349 558
527 2496 1007
1348 281 747
1800 1954 479
325 1341 2476
137 150 1145
1917 431 2479
2249 1081 220
853 616 1797
1323 90 1226
1827 1409 289
1933 1598 1466
1397 716 360
1186 331 380
1471 1440 70
968 2420 1249
1802 956 922
2467 2325 339
110 2481 1432
1976 2488 1010
2305 2027 1382
841 400 898
2034 128 1241
2187 1240 620
561 810 161
2413 35 1788
1015 1079 2295
2465 775 1832
2275 1893 578
1968 1464 1511
1333 967 2040
2283 616 1719
740 122 42
1594 1375 1843
1196 699 2194
1225 1496 414
1004 2394 1502
215 1588 82
1140 1733 23
555 1400 998
1932 1135 1130
175 1053 2496
7 1005 379
1346 1070 1351
1782 1417 2500
1422 2031 1702
631 659 904
1370 1151 219
2078 951 404
1912 2138 1599
1517 901 390
2137 2202 1954
951 449 396
150 1423 488
1431 2282 1585
1163 811 118
354 1792 1690
638 2330 1956
1604 1442 499
832 911 809
566 81 212
1171 189 2492
501 821 514
738 2446 1600
2461 1474 2216
2312 2352 1639
2090 1820 1259
664 1052 1036
239 1886 767
1189 2377 2417
1956 1454 1661
2066 2153 863
633 2136 1999
591 1210 506
670 1551 2349
1298 1239 2033
756 1754 2379
1294 1853 1959
994 1615 2288
2439 994 2248
686 1134 2064
1984 1712 1973
288 5 2088
368 855 205
1080 2465 1367
2404 1781 227
1939 2431 379
1423 1096 1551
757 731 1043
503 256 719
1372 1961 220
1027 703 126
2126 38 181
114 975 1493
1176 1512 855
83 2003 839
2170 1914 818
1280 1969 879
2166 2385 2102
2481 1679 705
792 1905 2134
825 1570 1100
72 2312 672
1750 243 1177
2172 1475 1058
911 1190 700
49 1782 436
194 40 2284
1395 1184 1189
2021 1605 1090
839 2347 477
2202 832 1136
1290 2053 549
1498 603 917
1670 2477 1887
153 2302 739
2084 1440 1374
2392 348 586
953 1010 1164
1668 302 471
422 443 172
1680 1069 353
847 1702 2256
1458 2271 1039
6 2452 1283
1727 1835 106
1402 2411 953
695 1664 32
1120 298 2173
1102 2260 2228
739 985 1030
1279 301 1266
649 1466 906
2007 360 1879
1529 2193 1111
1502 1255 665
2209 855 1066
444 146 2184
2163 1627 515
1446 742 840
1459 1091 1070
1016 2199 1579
1279 2132 509
885 2070 551
230 2300 1609
1043 1355 1552
1817 47 47
519 1000 2271
1611 970 1964
557 366 599
927 1923 1513
2258 2193 1788
677 986 2131
2310 817 59
1738 384 55
1077 33 1296
516 2170 516
1564 2385 223
2322 2163 2222
2378 789 659
201 490 689
83 1547 25
1610 796 2005
780 1137 804
2389 979 1608
2469 1810 1566
198 1289 554
416 792 926
240 2258 113
2233 752 2008
1141 597 1115
2046 2481 1710
1072 55 1127
2237 260 2476
721 676 175
1174 2292 1776
451 1279 1071
209 572 1938
1637 105 970
1308 1468 10
1369 1847 884
2195 2489 2355
2418 578 1504
481 1178 779
526 1262 2294
608 1572 1478
1665 80 2228
2148 1502 2133
1791 969 1595
297 2418 1528
144 379 2101
2132 721 1563
214 201 1370
1066 1680 796
2258 918 881
2210 1508 1657
1311 814 723
69 1927 532
1088 490 609
1742 371 922
1205 1242 1373
558 1710 639
1934 556 156
2029 1420 1621
310 548 188
34 1514 2367
942 265 1304
1882 797 701
339 2241 2346
2059 346 2064
719 426 2473
938 1595 666
518 1255 606
491 44 988
1313 1388 758
821 1417 344
41 720 1884
2455 894 2161
1303 213 1516
246 65 1281
1650 321 2188
1485 1900 278
2481 943 1551
1384 1485 1193
1332 2153 1540
95 797 2486
2416 2268 913
110 2101 2400
1509 504 1455
282 1093 1691
967 2194 390
929 991 2487
1916 1412 1105
1204 2475 980
2103 1256 461
2245 1823 1553
1078 273 276
2179 1599 1661
1817 1383 1747
1517 1369 1603
2387 679 2441
1154 1561 838
635 871 745
338 1832 2184
583 1341 2050
712 730 456
1065 2500 1656
1921 213 1253
542 1852 2203
769 403 2353
1705 863 565
1224 1667 720
11 1126 2188
772 2137 274
937 1208 312
1260 89 1128
1401 144 2126
2487 2260 729
2459 1150 1
368 1169 94
598 1777 448
1473 1559 1263
238 2265 800
85 369 2063
1593 1648 652
1458 1562 616
1728 2302 2253
1852 1592 1224
498 828 634
222 789 556
787 480 121
783 1474 607
1764 933 433
796 1125 2364
2172 1419 144
1516 464 740
538 378 1110
1282 1889 8
1261 531 355
2122 159 874
1649 998 140
1941 2475 1983
1174 1694 2177
2282 2323 665
2277 676 2434
1422 2375 1377
1019 2260 1139
1506 2220 310
411 1555 1123
61 1524 85
820 1486 948
1112 1759 545
1950 520 1573
1589 1021 1786
1869 1373 1263
1013 2401 1465
1597 2446 2455
1808 209 1310
2336 1453 399
19 920 1849
24 1003 1707
1641 1770 824
624 1318 1583
80 289 1970
1044 119 1758
520 1971 2162
2031 2170 1917
2291 1375 2275
653 2138 1875
2441 1036 1439
1286 1100 2049
1692 26 214
1731 1738 169
1092 511 2144
2231 2223 788
628 1411 320
144 1763 988
2355 1236 1499
1068 2229 819
139 550 298
488 1006 381
69 1497 50
1307 2322 1201
1817 824 1813
765 2319 411
1466 1814 583
2198 624 1972
2447 198 381
694 1541 1279
2283 1479 1497
2440 786 1918
297 70 883
1326 1519 1163
1263 2133 1775
2199 589 1542
663 1481 2055
2177 1701 1417
1634 285 692
2199 845 223
1297 1012 954
2486 1517 655
354 327 1121
1123 1599 2187
327 303 144
2454 1499 104
120 1701 1624
1076 389 991
86 1143 390
1064 534 1861
2076 283 1604
1451 1907 1907
495 1968 524
1170 1964 1321
1803 1647 1285
247 53 609
5 111 2183
2195 1916 1503
1525 648 1550
2354 126 1391
45 1893 608
61 250 1972
1110 1424 2307
1195 263 1477
980 167 2277
138 2255 372
1269 1609 1025
1717 1755 1944
2057 2392 97
2018 1115 1
879 1584 2082
577 550 346
2172 1960 2443
1123 875 474
768 1290 2464
1090 120 2244
2151 158 886
1467 754 342
1620 1227 631
1160 680 2281
1451 1297 572
1013 870 1537
1441 2147 1219
1709 1893 2473
1945 78 2020
1899 1479 1209
1060 234 2144
2381 1196 1423
1238 1969 1689
720 1520 843
608 1906 870
1572 1757 2016
1128 1261 1816
515 970 732
1057 2388 1032
546 2470 640
1170 442 710
714 557 2419
1994 2340 2256
445 2018 501
178 2350 197
2330 948 1452
70 1069 649
1513 1480 992
2405 1062 1145
2134 1999 556
2052 629 442
1564 1528 483
179 1010 1045
255 519 1868
228 827 1555
1848 1277 1043
2136 2246 1041
2260 811 2451
1960 710 167
374 1523 129
2219 1627 2207
1493 1337 142
2103 738 409
1932 153 283
2161 1310 1860
1308 2499 1142
2146 1845 1551
2182 331 1856
480 1295 780
2242 1371 1086
592 239 2154
848 111 872
1320 2417 371
568 427 2096
590 569 2198
787 2313 1464
2334 2132 2083
1751 1297 1774
1187 1034 143
1606 1712 2248
28 1567 715
153 571 2349
193 2456 2324
1831 1922 425
697 728 1336
744 658 747
1549 499 1215
2255 2175 1318
97 2201 1729
327 325 1505
2499 651 2089
417 565 505
1507 1688 106
1443 2175 804
165 1235 31
109 1182 1233
2194 1413 465
220 381 2076
1916 2163 1389
1848 467 709
2313 6 2407
876 2437 1641
2456 1333 341
1674 1009 780
2158 984 1431
735 30 912
2366 752 124
2177 2313 1582
1333 1729 2333
1592 302 575
751 2033 732
1136 1680 2111
1385 1787 283
567 1 1003
1299 255 1689
435 870 1872
843 1127 599
1736 775 1136
2422 993 1118
445 722 1540
1334 2467 1057
2031 1039 2311
2041 130 409
1302 1364 2494
1930 440 114
113 441 1717
285 1985 407
1799 1159 461
1568 891 1771
1970 657 2021
1088 897 1487
799 254 878
1962 783 1464
1152 698 1844
356 1622 923
2348 339 1632
2188 1100 301
1043 262 1833
2481 1449 2135
181 961 2150
1106 619 400
573 1915 42
1517 373 21
2100 1935 471
595 96 1241
2288 2326 624
1598 2419 171
2055 2481 644
2454 739 2030
2206 1821 23
1191 2391 1686
1200 191 40
427 2187 1441
2444 83 2187
1923 1143 126
863 1963 1015
2268 852 1997
775 91 1485
167 612 2354
839 1543 2066
1597 383 773
135 481 1326
949 1527 1764
2363 1247 1453
264 2302 337
749 1260 1738
1737 1743 2430
337 1168 1328
1262 821 145
1808 643 2289
1215 1128 1872
163 669 2476
283 1687 1112
1786 1167 453
2209 1154 2295
978 917 1863
628 473 707
252 82 43
2171 1978 465
900 1294 1347
2061 350 2206
233 294 244
2436 2224 783
478 937 56
1696 563 1024
163 171 924
1100 1398 1536
565 1374 276
997 1535 128
1877 1428 1549
2323 2192 1116
1085 2486 1783
1099 2470 1718
1012 1431 1793
139 2174 2435
467 1506 2293
2216 1382 1276
1453 2008 931
1081 1926 1800
629 873 680
2275 1034 367
174 925 660
1468 933 1027
856 353 646
2454 2307 1148
195 600 2419
556 231 1260
429 1919 1232
1958 260 56
687 1660 2048
1985 2141 309
350 1389 1339
358 1118 1802
1843 732 1451
1974 2352 445
1491 936 1968
1612 167 2460
74 2020 1509
1416 2171 739
1139 650 1988
1020 854 1758
703 301 1438
234 862 1624
1768 688 2496
511 1223 346
223 2284 2193
187 864 1513
1603 1131 1525
1704 2364 2157
491 1906 133
1074 392 915
1894 796 2140
1168 728 845
1005 1983 303
993 1112 2357
1324 2398 8
104 1835 824
1744 1868 1376
1057 22 568
98 584 2408
1410 1330 1388
577 685 881
2360 489 1255
811 583 2272
231 1991 2377
2431 988 2400
2125 391 2394
1400 785 800
852 868 1629
55 238 1395
1799 719 1635
1679 1809 1896
2171 1389 1752
517 871 1270
847 1512 483
176 738 2240
9 1583 1142
1382 708 2243
2472 2230 828
97 387 1311
80 1035 2456
1695 194 645
636 1386 1592
2013 789 1065
2194 1186 1729
725 2426 778
697 2089 2176
158 1227 1204
2376 807 1802
1213 1636 1616
1144 394 287
1077 444 2126
815 1422 1056
162 2174 2500
2237 1740 2399
258 159 1562
1498 598 351
2301 2493 1423
1443 2212 25
1312 931 1739
1976 902 1672
1773 1628 257
2102 632 2193
1881 610 2023
1476 1899 2339
919 2303 1245
650 596 1481
1474 110 1456
1117 1858 1817
1892 2370 1383
994 1349 261
1406 1577 1827
626 1596 539
1305 2460 581
725 442 1559
589 2162 2208
414 2061 887
1514 1987 855
804 1697 1335
391 1428 2127
1148 1473 1878
522 2380 2001
557 1079 2418
1173 2384 2028
1123 1377 1653
1242 1373 1817
407 1060 1652
565 405 151
633 1283 2267
1397 1957 2439
258 249 1420
1553 2478 1857
52 1604 1208
955 2156 1218
1224 947 424
1238 2078 2151
2088 629 865
1417 652 1641
1832 2284 335
846 867 2219
634 2383 2344
2412 1564 768
2374 168 500
253 741 2024
1316 766 1120
1005 1531 2165
235 1354 1493
1435 277 2465
1439 837 185
1308 895 764
1927 1870 7
1546 434 213
2454 304 958
2304 2120 2237
2237 1761 1394
2410 443 133
520 2098 2267
1105 2154 715
1586 483 2478
905 613 2251
1308 2337 1769
2071 1630 2456
1561 2422 1585
1928 846 374
1227 1339 350
1051 248 1357
1221 73 2393
645 1943 1349
426 38 52
1696 1441 1337
852 78 2449
2156 722 2013
1709 2398 927
2128 1740 251
851 810 2275
2492 424 1880
1252 1178 2036
1315 2121 2191
98 1436 735
2318 881 1389
1420 329 739
2103 241 200
333 258 1167
1784 840 657
1491 750 1312
257 491 2364
359 1452 829
493 209 129
1044 2054 727
1100 587 33
2039 1151 1138
781 1312 847
1625 1268 889
1047 2345 1319
1188 441 2460
927 1844 2178
1927 2374 705
1800 993 488
1770 1324 478
260 204 1704
1000 1535 1973
542 2077 1536
2370 196 1886
1250 1977 2463
2498 405 2266
1783 1851 1655
249 41 384
1811 1369 2142
2264 751 1498
699 1180 542
2212 1798 810
216 379 680
88 1453 2406
1920 1344 318
1339 843 835
2096 1746 2434
651 2176 837
1562 1334 513
1140 1616 1009
878 962 92
273 1117 848
561 2434 76
1453 183 208
30 1497 2457
1878 338 1010
761 478 1708
2372 1775 156
1254 1935 524
2422 1506 2369
1466 1139 1360
2398 158 2359
1372 330 1323
1316 475 2338
2457 2209 2042
855 420 408
2391 1783 855
2237 1037 2299
2341 1973 759
317 1228 2429
2231 1360 86
344 14 2327
1725 1741 449
2483 2071 683
1057 1989 1174
2452 191 770
1497 2451 1484
915 287 843
771 1525 537
2022 1197 2038
1968 909 1886
1226 814 2159
468 1031 248
1331 1186 949
385 389 2354
1064 1303 63
2123 2205 1857
1257 2180 1643
2486 985 1380
920 720 472
2329 1900 1838
493 1398 193
1837 2398 1444
253 1669 1517
607 328 2346
275 1699 954
775 65 1973
1206 1785 1452
125 985 605
706 1765 961
1326 2145 311
386 951 1812
336 1650 1009
1182 2283 2461
173 147 2465
282 2106 738
523 1821 2127
2368 352 925
1171 435 519
155 424 1582
1 2284 1246
1316 877 291
433 1912 537
1807 592 921
116 2435 976
656 2261 2327
2225 1302 2330
800 375 1884
2293 439 363
1412 2489 1652
2400 1062 1440
573 1256 1642
555 137 198
268 47 1501
993 641 2426
104 1131 2243
1885 1406 2173
1205 1495 761
1778 1917 1546
95 1351 633
1876 1706 1048
1265 119 1675
2018 1301 1250
2408 162 2491
1077 2226 1225
1856 2053 209
392 520 2478
1754 1085 1043
203 1103 1676
1200 1619 1704
1231 436 1216
270 2196 1242
1505 1831 1603
12 462 840
291 1959 347
39 1291 1637
157 975 2047
494 2175 1035
719 1722 448
2406 671 2402
1907 1403 2050
655 2331 1040
1860 2020 825
1573 2228 311
748 705 555
882 781 1125
2234 1438 2446
1838 954 1880
2494 1008 2238
2398 634 2059
848 385 1569
430 2470 245
357 1994 400
2013 1999 2365
1489 567 256
687 2221 1472
2239 2080 1083
1644 537 1247
2440 826 2477
1778 1711 840
1176 914 361
1659 965 423
1560 682 1066
2057 1450 807
371 15 1920
179 1982 1542
2281 369 787
1812 1240 61
1840 1410 632
1139 1860 851
105 2356 599
781 371 2165
167 377 277
1996 294 1662
1595 716 1310
938 2430 1076
245 1973 1536
321 2259 2132
956 1747 1105
463 692 565
321 851 252
1038 800 517
1315 328 176
1624 2017 2268
1960 2249 2035
435 602 1433
67 1036 1442
184 2092 2083
1401 1709 1194
52 930 1366
1019 1810 1264
1470 2444 1556
1231 2454 1376
1199 1505 1152
2261 2400 2286
1967 1441 590
2020 419 1290
1617 345 373
1514 580 1661
60 57 1638
1701 2280 1307
1193 79 822
2070 1378 1141
410 63 1765
1602 306 1423
102 1415 235
7 2050 1992
1652 2220 2193
2026 739 904
2111 1510 1327
275 1261 222
840 2036 265
818 1118 1434
1772 1199 1675
610 723 1088
1556 2090 94
1488 224 1470
1523 260 1785
1604 192 1900
710 451 442
2280 2308 1454
2177 2073 1220
199 2260 1754
683 2500 1545
2111 79 2307
1654 1145 1190
1964 980 792
1304 335 690
1668 95 82
1322 480 685
512 1302 865
379 1424 727
2187 549 533
2305 929 2205
129 1118 1889
896 2207 2345
810 1441 383
1568 2178 1863
2374 1198 1079
433 476 2114
1590 882 1067
2289 2321 2014
1831 1063 68
715 1854 232
2002 1265 539
642 2212 674
1609 286 1119
1843 1881 2319
1802 1558 1627
1081 2332 70
976 2179 1922
1662 2078 725
1424 2381 2274
1114 593 1837
1462 2312 1428
771 423 1348
2270 2462 386
2101 625 2341
856 700 1460
1225 935 22
667 368 1426
2146 995 433
2238 96 1372
671 1740 1630
2194 802 2433
2202 1338 1526
788 569 1614
2499 1671 1618
487 1966 837
455 514 997
1378 220 1094
775 1836 458
886 866 1837
1543 153 1743
1593 1935 379
191 1386 269
793 1449 343
882 674 1298
1559 1849 2415
1140 1068 1448
1406 1744 69
724 1814 1165
1852 1640 1772
590 1661 411
2408 596 87
1621 1799 2118
1462 1841 605
1828 2210 424
1880 894 757
464 1286 2139
2113 805 1641
772 685 2289
699 760 492
208 2213 196
992 1762 1493
2042 1196 1084
103 1938 771
1122 1065 535
1842 1187 1312
2027 463 2341
1696 2106 2487
2483 1876 2466
1845 379 151
1870 2495 2291
273 348 677
1997 261 1297
211 1583 358
1985 2048 2009
870 1365 2141
424 131 1425
118 1020 2202
1571 88 2178
519 1392 1766
114 1000 1699
1154 1309 163
2400 1564 541
480 430 108
112 2179 60
693 109 702
182 415 672
62 91 452
210 336 124
470 502 1626
1880 1669 519
1015 338 212
2485 1174 1175
1518 2447 382
136 1278 1485
1278 1282 1463
647 738 740
1843 1356 679
2481 767 320
298 552 800
2264 2091 1214
1274 93 2206
2180 1100 833
400 1067 1438
694 466 200
702 1877 409
1171 1860 1356
2050 1409 753
1362 1383 2063
1313 1450 798
960 1205 1385
1345 1504 1330
2489 548 49
1564 2452 278
2116 1024 2201
149 1326 1073
200 740 2302
626 846 462
1432 1655 664
688 1318 644
85 1742 1315
1153 2357 2192
526 1147 28
1461 1631 2296
1186 1636 1428
432 1345 2274
1295 1457 930
1726 472 319
674 782 1625
903 852 871
1176 1640 435
253 2500 2271
2409 2276 2305
1268 16 1296
1407 897 8
58 1579 1131
1384 2224 235
1303 2147 2399
976 1518 1046
1712 1250 32
215 1411 1582
1848 373 1611
1940 1636 2370
37 164 519
1366 1450 326
2320 1658 1755
2381 1147 542
1791 1465 2232
2425 170 2332
1569 2169 1462
1610 2498 1156
505 1493 923
179 1145 485
409 1396 2052
1116 1019 2450
1949 909 1720
176 1300 1884
1490 958 1737
601 265 1182
244 2074 302
839 2221 2179
1854 1914 518
816 1776 2353
583 1615 2172
1656 1958 663
1377 1617 1795
754 617 2406
292 1900 1415
2197 2054 906
1540 885 409
1980 1894 1355
69 1523 1338
698 875 972
836 295 625
342 423 611
1963 842 996
805 2263 635
1188 1283 1197
959 1523 764
1649 261 1869
2291 2107 1767
1238 1666 869
1824 1341 2080
1818 2391 15
861 1212 643
1047 2345 2144
405 58 2467
493 943 2243
2486 2089 1090
1124 1835 1431
173 1722 1442
1272 735 1771
162 1410 2123
1856 943 1446
1726 585 1545
1451 564 1543
935 150 1334
520 2443 1163
2126 284 554
1094 1095 332
1274 1272 968
1699 1013 2485
1580 465 1120
700 1868 569
688 454 1339
1759 73 1919
1270 135 1277
1706 2132 1820
1482 2142 320
1418 2306 1669
466 306 1115
496 1404 1535
890 2400 1578
293 1576 1441
847 2066 295
342 1169 1297
811 2444 1035
1361 1854 370
537 246 59
970 741 1142
1107 405 468
406 336 1849
332 1408 84
1769 688 2489
2403 574 426
1057 1803 2446
1313 773 56
43 1287 203
1143 80 2235
25 320 1944
2234 678 901
1671 1115 1589
335 368 925
855 2378 371
1131 2113 2230
1982 930 1386
525 1740 1408
242 1071 2147
529 1061 1207
31 2478 1700
1312 576 222
2288 673 2435
1406 830 1160
2203 2050 1817
617 1656 1118
462 845 1013
1722 119 102
742 2073 541
1752 1477 158
672 200 329
473 1868 1783
1791 816 1723
958 1064 1046
49 864 1064
401 659 2417
2107 2356 1853
169 1732 56
629 2250 1775
409 1298 1964
1916 1692 985
1532 887 889
592 1918 2269
454 1103 2332
2411 1801 1292
1107 1319 1758
1607 2023 534
1038 1899 2126
659 1087 1481
1941 1079 2265
121 732 1566
1230 316 1926
2453 710 1489
1792 153 2423
2401 1486 237
1368 1065 1015
1779 857 805
1421 1389 1850
1953 31 258
1765 1162 2220
2166 2 1179
1758 2242 251
2360 926 849
2328 1457 1219
2497 415 558
584 1135 1471
671 1137 496
940 1567 925
2143 479 2427
1613 5 2463
269 2236 1650
1931 2183 413
725 656 756
2121 2268 451
1133 1150 858
970 1887 407
1224 76 1931
2204 12 1708
2313 1153 646
2091 1488 2067
770 422 1816
1095 992 371
1301 2045 1
1381 771 1376
937 246 1942
230 1024 498
581 1778 521
1364 1929 1096
992 2455 876
1786 2331 351
1578 507 437
1225 457 2049
745 1673 777
1139 1771 2039
294 934 1450
1106 1879 1280
2431 22 242
1529 1366 760
301 2181 1899
1781 16 2275
949 186 657
431 845 83
1499 872 491
1146 1127 1351
191 1594 2151
1020 1258 1180
1629 1312 1514
1703 2151 118
1927 484 1150
1708 2124 2246
120 936 341
204 486 594
2491 2088 1621
1613 990 2052
1628 1579 625
1835 1056 2443
1126 2389 1213
1978 1442 1512
1943 777 189
1452 941 376
513 476 433
1052 2467 821
1057 885 902
157 715 1924
755 2492 2059
1556 2430 238
1864 2086 1375
860 912 2419
1799 1626 161
1997 24 298
1072 569 2104
1225 682 312
1544 1188 900
1131 35 2362
261 2235 1182
1210 1276 1528
1865 1123 1583
2103 718 957
270 172 1129
1004 1769 1394
327 725 2007
1820 1706 1338
432 896 717
1141 107 327
1064 1907 1915
1545 1759 1245
1092 908 1688
1375 1626 190
917 1332 1852
700 2490 1774
129 1870 611
2350 261 884
542 590 890
1291 425 327
1750 1929 829
1549 1476 1359
1761 1650 2394
213 1644 1065
1023 675 1327
1565 1774 638
605 682 1947
1852 754 1586
558 1185 1035
1039 1229 814
1433 1353 2158
1533 1728 2478
125 2329 1333
400 1841 1002
132 2362 978
103 1651 531
2121 2114 1672
2033 1910 581
906 316 1436
284 368 437
2445 1324 2334
1320 2006 1423
1523 2470 1220
68 971 1758
1819 188 38
289 121 1107
2154 582 1560
336 853 829
2034 643 2113
161 2225 708
2149 867 197
1234 120 550
2426 1106 493
429 267 1291
1471 1756 1550
394 480 1975
1676 2153 1216
549 1255 1272
258 1650 1522
385 2219 984
709 1689 1706
31 346 1233
1531 1169 323
2232 2371 1847
2385 782 1743
1842 246 128
243 471 1298
2484 2046 774
2154 1797 961
1687 1731 959
668 1928 1277
2351 322 502
1111 1137 1700
1479 1942 99
576 641 102
1590 515 777
1115 657 1843
369 1544 1363
896 2071 2432
1441 779 480
1114 2106 1478
306 1309 478
1999 2219 2072
1006 1113 786
1491 270 2241
26 642 94
112 276 1190
123 2295 1917
90 1936 2416
261 2122 1171
1426 763 831
1853 2032 486
1416 1356 1952
746 1047 1457
7 441 1447
2405 1512 1643
1319 222 179
1823 519 322
2248 506 1517
601 1071 1908
1946 2194 1890
2293 1678 745
30 318 1279
2123 1346 975
2406 1447 48
241 1121 629
1424 1217 1632
2446 1227 2087
387 1325 2123
1876 853 1302
2152 2315 1463
1544 1847 251
1582 700 470
1360 1629 1889
1827 988 1254
963 2447 957
30 1279 1763
607 212 62
1325 61 632
1271 784 572
2216 2099 761
768 979 1771
912 2452 343
1904 2020 1692
1138 1704 458
1159 1034 296
1744 164 1224
2040 1533 758
1073 2168 1634
672 2132 1309
2060 368 2399
776 413 292
1551 1821 191
988 993 2073
856 896 328
2010 1581 2286
1366 562 68
1619 2350 590
1170 1301 667
902 658 101
1486 1750 720
1573 99 1465
2377 451 1058
325 2005 1928
636 293 1286
1751 2209 191
927 2256 754
889 419 342
732 1806 595
641 2077 1440
733 1047 1338
1791 773 2384
1372 1380 793
1722 2374 2303
585 153 1296
882 192 1571
1817 595 1241
1822 369 1500
307 383 252
1401 680 604
1010 70 1534
2415 1161 861
929 888 2208
719 2404 1388
131 542 2185
1142 2170 1765
29 1160 1955
2201 1469 1866
1016 682 1160
1708 1113 867
2251 662 333
1344 577 1852
370 66 573
497 1019 798
12 466 1996
1668 1498 523
2305 1413 1359
27 1981 683
2231 642 370
1960 1968 1347
1460 334 2088
99 362 122
677 791 2173
2143 1886 2012
557 977 1520
932 2458 2295
412 1306 950
1327 1808 1961
1996 1170 1153
1488 1838 489
1244 1796 1018
2100 1729 565
981 2338 538
123 1358 2307
2399 1634 1000
875 2165 1535
949 461 2025
1829 963 1325
614 1494 357
1196 2318 382
134 1203 1938
2260 34 396
1631 1642 2028
1697 1431 1223
670 2454 204
115 211 1200
480 2273 1229
1341 1438 49
1373 2051 1311
2357 2017 2222
1236 1199 159
316 1019 982
2485 1161 946
457 481 212
2445 4 1393
1367 1312 1379
2367 1251 906
1324 329 2336
426 2088 90
2438 1075 2059
2359 416 135
2376 1748 2119
1818 2458 911
488 1093 1268
436 1009 764
292 1116 2278
1417 1447 2101
44 192 1683
1016 29 1703
1392 2450 1431
2122 1864 858
1075 500 250
1561 1216 2217
1844 1377 910
2409 2019 1177
205 921 991
926 637 463
1703 1728 987
118 2062 2349
119 768 1265
881 2129 1743
2260 261 1970
734 1286 1457
1256 1248 1891
953 1893 1955
1659 1375 1721
1540 946 2410
1278 2107 893
2117 1990 1383
413 1687 1324
1259 178 780
76 881 1692
1534 63 456
1514 198 667
206 538 2478
2303 248 597
1810 850 278
1771 1233 716
2460 670 2356
294 1732 400
646 476 1554
1912 1665 1937
514 664 1949
1425 754 123
1394 1742 1536
2450 350 715
786 1072 1226
344 963 21
1550 189 545
2237 1182 404
2245 2487 833
127 997 408
159 189 1959
1144 2334 2391
188 1195 1367
2009 2242 1322
1683 148 2225
690 240 2097
2415 2070 524
42 694 2204
1685 445 1585
1096 442 1206
1642 1457 851
66 1636 548
1985 685 481
1095 546 101
2371 1830 151
519 1269 1915
1063 523 1866
491 2150 612
604 79 2135
1780 1786 1371
862 2144 1227
1972 199 390
2037 869 1254
952 384 2145
2287 193 636
388 729 656
2489 122 2150
553 1616 1072
362 1420 2480
2430 209 1629
1898 516 76
729 2001 721
2065 544 219
270 1262 2260
554 490 1282
2267 37 1896
1098 156 475
233 297 976
1773 1411 1453
1097 258 953
1202 2494 2371
1395 1575 1983
371 1612 1914
425 1889 425
1888 1172 648
886 207 1571
2422 13 772
1425 1028 78
179 882 280
541 1180 766
1523 259 79
428 730 901
2328 2350 1728
1392 1204 755
548 40 1556
330 2027 2451
1850 1981 1970
122 2270 141
1883 384 1682
129 728 1000
358 991 1129
2265 1202 1773
561 467 614
405 951 1684
2441 862 2007
1017 2215 397
1962 2472 98
346 959 1099
1336 889 1986
1708 1056 1911
1962 1857 2035
1196 118 1527
2092 1743 286
1681 510 1961
1575 1763 1347
32 215 1758
1291 418 502
551 2085 2135
1718 851 821
157 35 1694
2166 2481 970
859 1345 781
1496 2493 1107
516 1459 664
2312 2257 1895
961 284 1430
191 1928 536
2388 883 1426
1749 606 211
699 797 1633
895 1186 1593
1101 2060 2289
870 1106 1949
194 611 1871
1165 2318 2378
411 887 1266
1461 1274 1252
154 2231 1685
1297 2212 746
2293 1705 1534
1136 437 1145
808 286 894
620 1684 285
135 195 1794
1000 425 1862
2446 79 507
250 2302 2300
762 1364 1325
2114 1704 1151
98 108 2055
568 2461 1430
2126 1359 1346
1056 2262 1858
507 2007 559
1325 2337 1413
1289 1085 1692
1294 1343 138
737 2103 492
1289 1833 16
1925 1055 190
214 67 475
1823 883 386
1786 1485 2429
2154 1624 2286
2211 2013 2462
1442 2342 140
1663 629 449
46 182 1686
2284 1074 1607
1531 1028 1810
1854 214 2435
550 1498 1177
1378 2162 1405
1692 2048 338
1025 1521 347
1290 2169 1884
1932 1004 78
2339 2487 2290
1455 2358 2206
1150 1804 2042
1722 13 2301
2200 1728 4
728 1649 1382
522 907 878
2174 2133 2071
1164 201 1321
719 1315 209
1419 2365 640
1626 1858 1478
2019 2349 708
614 980 1971
91 1444 1867
960 1294 861
14 398 984
184 44 249
1675 1343 1210
491 307 2057
2200 161 1474
650 614 2063
2459 40 1400
1861 2016 682
2158 460 1756
1451 1523 2384
2251 736 110
618 242 576
292 889 348
1209 2383 1774
812 2159 2403
1081 103 1878
1823 112 22
315 2294 1006
1661 1952 1177
1581 2215 1746
1568 957 106
669 1506 1611
415 181 618
1062 932 2448
2131 370 1825
1413 2188 484
1505 1111 1531
2264 2136 246
104 502 1004
2460 2139 775
808 745 51
691 1337 415
217 160 2288
1512 2131 2140
1939 126 1390
571 2326 1427
2128 22 956
1475 2075 1594
807 1728 2100
402 17 299
858 2293 1071
1008 2150 1596
1729 1267 1294
2321 1627 536
1009 684 2197
653 139 1264
667 545 197
1467 1276 914
1482 1940 240
590 1478 685
1919 1976 1119
836 720 1854
1115 2027 2390
848 1041 2439
1082 749 1881
93 1385 538
2291 1332 1895
1280 1987 995
1845 1278 1510
644 1319 1878
726 1262 248
1492 1777 452
2118 1559 95
707 2481 1889
1959 891 2484
1527 946 1462
185 1364 271
1148 752 121
695 2472 2085
1166 199 1076
2091 2383 233
1638 153 984
2112 430 2352
82 2111 1839
2208 2460 299
1821 2118 2011
2246 531 1836
553 776 2154
1397 809 1874
1599 1 308
57 165 2019
835 783 984
1244 187 136
1308 181 1344
791 463 2334
668 1620 2099
1183 2280 230
2396 1186 607
1452 1810 2413
487 1481 2033
1625 1039 1826
538 1327 1632
2192 1158 2247
2401 939 2172
1531 1281 1342
295 1437 763
2120 457 2301
2388 1730 102
582 2398 1184
824 1582 778
300 1047 1302
1234 27 1679
558 1972 737
593 2195 228
251 915 1503
2489 427 1162
1875 1827 66
1595 558 556
875 1085 415
1052 402 1199
1323 2296 2014
1811 1187 1628
871 553 748
2438 1780 677
1152 186 342
883 2402 1008
982 847 1585
982 1958 461
2153 42 2474
2121 2453 1129
1239 704 1550
71 2405 1648
2498 550 1853
894 2126 612
1010 2204 1717
1053 259 2001
675 408 2132
2001 1311 712
737 1360 1283
248 690 716
1458 1480 1299
881 820 349
383 306 1218
2407 1450 2228
2067 528 1776
547 613 2491
2227 2200 235
680 2085 1136
580 1631 1150
1795 801 2315
541 990 2494
1779 245 1538
2344 1653 1951
2393 1938 1164
136 2346 1865
424 313 1556
2050 1484 2489
931 1159 235
2148 752 1470
1589 1160 52
974 1866 1400
1946 1735 1783
1163 1286 1548
863 767 2177
276 1681 1337
569 294 256
2157 2441 1322
568 1560 656
1456 36 1279
2161 169 2378
197 746 1520
162 807 2237
837 2149 1426
1969 549 2143
1084 1103 1881
1594 284 1449
253 1450 1275
1072 1533 678
381 145 304
2172 809 1855
97 316 1979
1946 1081 1519
854 450 67
773 1386 1465
1370 1121 1502
459 1018 1664
1149 1394 2117
2113 1230 1687
2079 310 1933
1923 1843 742
2412 1007 758
2310 949 289
704 917 1806
301 2239 1714
1124 1468 2193
2332 1043 1472
199 2487 1879
21 2421 2084
416 1738 2393
247 714 1255
1589 1056 2105
633 240 869
508 934 1158
19 1027 1867
1171 1090 1728
1882 1435 2048
1548 2277 11
455 1661 2461
101 435 391
2496 512 174
1635 250 287
348 2364 1429
1899 1348 590
2014 1875 2484
969 693 1809
1095 292 1163
1655 1047 1981
1115 1619 2334
629 684 1052
156 80 415
503 2107 1652
1738 2355 2333
1670 1498 2135
1376 133 1255
2448 958 1719
1912 1871 1524
606 1570 2083
974 1714 909
2202 234 961
2388 637 701
1003 2145 1197
838 1482 1561
2101 229 1925
1070 948 2499
1262 1116 1399
2235 1536 330
2107 6 241
1087 1916 1284
2422 1728 2019
1829 834 1036
1067 1547 1778
903 302 2057
535 155 798
621 177 9
1618 1065 648
1073 2239 2357
199 935 1582
2252 515 975
2000 1837 1197
1024 1628 2100
1844 1148 1525
38 1951 103
1550 1536 1987
398 1408 403
1054 639 215
1236 676 1404
86 1086 915
26 461 1538
1714 1820 116
2456 2495 898
650 1943 421
980 654 1308
639 312 678
72 779 1736
1797 1878 1287
2344 1145 288
476 660 1750
629 1522 2388
1918 1782 375
1924 1245 1412
859 880 981
5 942 2341
1723 1413 2081
1706 583 2378
2281 2408 1263
2307 520 2498
2350 1095 425
601 2041 1375
170 1416 1918
2165 1532 1141
2017 1999 699
2338 1130 583
1754 54 2196
878 397 1889
1108 2205 1404
598 1560 426
968 2060 1803
1322 1895 112
1078 996 2403
1415 38 274
