5000 5000
67 590 264
492 1418 1308
954 2017 1434
452 2209 1192
998 727 616
116 602 2136
2244 2320 1261
43 1356 236
492 1353 1447
1846 1169 1862
2419 223 1282
1146 1664 1849
2106 59 862
1974 196 2308
477 1543 2091
188 659 2154
2352 459 312
1261 528 1655
2021 1407 1554
2020 299 1867
1966 2003 439
1393 1610 1519
441 333 682
2436 318 1740
750 2123 13
725 1099 1420
1573 2067 109
1695 1947 1462
947 2406 430
1046 1450 1547
2081 2097 752
2458 377 913
2472 2332 1788
2395 666 1526
717 1758 1226
2083 199 820
328 2092 807
2113 2202 594
1363 2396 1860
179 1326 712
2332 698 1853
2489 1062 2091
1574 1120 2320
2182 2290 1228
1966 98 2302
1037 2081 406
2033 1696 2486
1728 2166 186
1693 437 516
445 2496 568
2434 883 118
2389 2139 1983
2009 2176 1977
2147 88 689
711 980 1342
496 103 651
1661 836 1494
1357 683 303
2204 2019 1855
2200 15 979
2414 525 2326
1530 1199 1919
1847 721 377
855 1805 18
2211 1306 2215
738 440 540
689 2304 642
1112 995 320
354 2176 531
614 772 1464
114 1116 1057
167 2364 1005
1696 2312 2352
1043 560 1178
600 1096 63
1211 2472 553
1495 1650 1218
1002 157 301
606 2293 1789
1591 631 126
2471 1820 786
1853 506 708
2455 521 1510
2332 1697 1765
1264 1113 179
1517 104 337
765 227 1364
1162 1641 1856
827 214 1562
931 448 2178
947 46 1961
78 1206 1210
152 2109 568
1843 1260 73
107 683 2380
215 1213 1058
1962 208 1073
990 73 278
174 51 1499
1400 2324 1113
2100 518 1293
2146 1303 1860
165 1176 67
389 495 1560
791 1649 1703
12 386 1520
2128 1831 1779
807 1826 257
2195 416 1142
1873 60 995
1250 2215 172
2278 1523 1575
463 1855 925
138 2411 2012
1817 2397 1480
1646 856 685
124 1676 1905
1754 1708 408
1115 223 211
325 1919 916
1365 1379 629
1984 2449 1073
548 1588 1731
2187 944 994
2216 334 1901
1597 676 704
800 900 1049
2434 1148 1603
600 838 941
1718 1472 677
135 1148 473
1713 2460 975
326 2148 1784
2454 603 1550
2300 606 1599
1087 1707 45
1945 1032 1972
2499 268 1030
184 1991 820
420 1048 343
642 82 36
2333 2010 1136
96 412 2060
615 542 585
1564 198 1543
284 602 2430
484 1461 897
33 1510 1559
2447 790 429
2094 1771 241
2280 144 831
973 391 1842
2046 894 172
956 1050 2047
2111 498 342
565 2431 2263
2363 2168 2494
1585 843 1415
1447 887 178
700 1621 1192
774 708 461
2091 1977 966
1502 155 2118
192 2181 7
1029 617 377
1229 1941 206
2310 1068 1594
227 880 331
107 192 523
2477 903 1908
1790 1418 2188
2173 1109 1403
1611 362 1770
283 1080 1774
1319 1700 614
1420 2280 180
1522 1145 1810
2338 940 1446
2044 2152 2485
2374 1897 2283
1635 1940 1216
454 850 2086
862 33 166
1314 399 1118
1226 1927 1706
1313 1316 923
10 380 2092
2423 2177 1770
1120 335 190
2083 1045 1701
649 493 312
1725 2341 1079
1330 898 1579
1072 701 630
1593 1383 1099
422 1652 1400
1708 1037 2380
2380 2096 1383
105 718 2489
1527 358 501
76 1271 1290
1481 1990 1612
2327 1940 1716
61 1563 2119
1114 294 1172
607 497 849
2140 958 495
532 488 2087
1473 1400 941
2484 519 1560
584 1156 102
154 534 1341
1520 1328 1656
1734 1323 2328
1503 266 1656
1385 252 1179
686 53 308
162 2314 316
1971 1285 1136
1308 276 2372
787 1619 277
2046 419 703
2012 2398 2214
746 1908 1725
695 968 1030
726 759 689
193 593 1952
625 1045 1434
564 1508 1757
1530 1808 2051
63 1885 1222
537 1376 604
2040 1048 749
1380 1965 1889
2407 1834 2142
758 4 1509
1399 1372 1482
1868 574 1714
323 1167 103
2314 1651 251
1870 2039 1965
1703 441 1801
1585 806 1711
835 2017 2046
740 1452 1069
2013 953 1997
1892 1553 2225
1708 2149 1428
1521 490 1865
1901 2117 341
420 2214 2007
1482 2094 1747
1328 792 2211
183 720 219
224 1845 1664
1253 1118 53
2418 1814 128
1484 1235 2422
977 2493 1826
631 808 1214
872 1154 682
1020 866 821
681 1424 213
792 2367 1384
1039 943 1183
2141 768 2247
1801 1360 2037
39 2341 1426
1754 1378 366
2382 1741 1601
2211 371 1069
2156 1145 2069
1856 2082 708
1307 274 1716
2187 685 1149
183 1217 1562
601 1098 705
2124 124 37
797 199 36
1332 756 220
215 1129 310
1799 2263 404
2475 1918 1343
1040 1044 921
284 1418 2379
1113 1056 1439
251 2447 2419
531 462 1687
2397 2008 2223
1075 2449 1649
355 1541 487
979 772 446
1072 391 2493
1870 2481 948
999 2329 1129
1852 1459 1570
2234 2016 683
1297 1808 1479
2479 1689 1364
1356 25 1556
1900 2426 944
1379 2052 910
2462 2213 2281
1737 1274 2156
2392 2422 1304
707 1624 136
1994 2094 1870
1905 1588 1624
2482 1776 987
1846 1305 2282
30 347 261
330 2395 640
604 2002 135
187 798 425
2453 2294 1413
1022 1885 998
358 317 1598
1709 1192 704
1171 647 2483
1889 1825 2481
1922 30 1976
595 1226 1952
589 344 324
1312 779 905
1376 660 208
119 1949 1100
600 2117 1623
1801 1208 838
904 503 389
2247 532 1139
31 1513 2193
837 590 1922
1097 1579 1985
68 2447 1675
1006 937 1116
993 1806 1589
2056 821 939
2148 1533 647
38 12 2183
2384 1856 2313
428 2089 288
2408 119 1711
1946 1199 1301
2296 588 1459
1645 2245 1633
229 38 1856
793 257 1591
1840 2155 918
1831 601 369
23 475 998
2074 454 847
1889 2056 1484
2133 1233 2106
935 1161 689
2212 1792 1340
916 943 466
733 1655 1025
2451 1919 1578
2114 2214 1352
15 561 69
218 2012 5
688 589 1815
818 438 1459
946 1574 889
2071 2192 2455
1648 1216 833
1088 584 936
616 1669 397
2318 756 613
1242 1849 1627
2011 1404 1285
2110 1830 1032
1058 861 136
1485 2042 1460
2215 59 550
2388 513 1172
449 1974 1160
691 497 1406
669 1404 1881
1582 2432 465
145 1407 1122
1358 1142 965
90 1475 1009
620 2161 1958
2325 1143 1133
1356 1283 1244
1612 1922 902
2018 229 2339
2362 1597 1821
304 426 2333
1747 804 705
1358 1200 119
159 95 2032
684 2130 2105
1788 49 1469
2359 1599 1651
1020 1683 748
224 1773 475
1764 1598 1599
626 1450 583
1998 2040 1371
628 118 1972
532 2449 224
1478 1862 1798
888 976 7
1506 170 1301
2315 2332 1901
712 2046 243
677 2374 370
935 1697 332
1911 547 1638
476 2145 1493
286 2357 461
2198 11 890
931 1687 1687
2499 612 2139
1110 2162 378
1181 426 522
141 1521 1495
1218 913 2058
2415 2499 1661
1559 894 1478
984 2475 1312
22 1195 293
1367 2141 2275
1630 1275 2399
657 1421 1893
124 631 487
1447 455 2190
2159 2382 1832
134 914 2210
995 1434 601
303 2159 62
1314 2358 1089
418 776 423
792 884 2429
1511 538 797
1079 220 1416
1771 986 2476
1974 1993 2329
1911 71 1469
121 1893 2393
1280 1981 1101
622 462 2466
974 2405 2177
745 2060 700
1123 826 1611
1893 1739 958
2220 1596 2478
871 361 1455
811 326 1231
2256 546 1003
1853 2127 1026
819 1600 1010
157 1877 1808
151 547 2117
2102 980 2348
487 1452 844
996 1268 274
893 610 1516
57 204 1276
259 1425 1540
2146 2141 364
1291 1601 365
756 1011 2100
2409 2160 430
1181 461 920
264 67 2100
217 1979 329
527 527 1636
918 2088 1401
1096 1316 1059
1358 1334 476
778 1114 378
2464 1183 2363
1797 667 906
1895 989 1728
1644 1848 482
2465 31 247
1961 904 1813
311 1663 363
145 2125 238
1865 2288 2322
1548 2494 1143
2067 2043 338
1898 403 581
2374 961 1557
485 1988 1074
477 1317 1915
82 1254 1869
1343 1594 1519
2299 94 2198
2021 614 2447
1280 444 377
719 1182 2394
1302 1091 1758
576 631 691
317 513 1451
957 331 617
2246 2469 574
805 987 1369
1890 1512 1180
638 2039 1545
2064 677 1271
267 2072 1212
766 87 605
811 344 388
915 1051 439
2011 1343 2275
1530 2092 2467
604 506 797
2157 1293 2314
1856 1717 274
2360 764 2106
2136 40 361
2114 663 1518
1757 1793 1696
60 819 1990
1018 309 1166
252 1338 1352
2223 533 1704
808 1580 1430
2160 316 396
1076 414 2063
2319 429 1301
1731 295 1775
926 1774 873
2109 972 872
1292 2426 2352
2309 980 2395
882 126 1035
694 1152 2188
536 1506 600
1694 1750 1925
389 70 1762
1849 162 2266
1352 867 292
776 1312 157
2169 1141 515
2033 1256 532
1518 2453 127
981 91 1029
929 1021 461
456 1588 1782
947 1024 1503
1203 2021 48
1492 1233 551
186 42 275
2288 255 1878
2018 1216 1935
1090 838 744
1937 452 1858
692 378 2484
1156 1262 493
572 2334 56
833 1213 1998
1363 2186 1391
1264 2220 1310
2043 485 126
814 2007 3
1790 750 2160
990 2289 2019
447 1840 1313
544 2225 2374
1216 1540 1888
2104 2169 137
2409 746 2400
1483 1788 2049
1104 409 1157
1564 1293 152
741 1697 189
1884 1196 2215
1310 1833 55
61 1033 705
176 1477 178
322 2133 998
1794 987 1648
427 1180 1600
389 1932 1222
564 1163 2126
99 1524 1583
1736 83 1507
367 759 1390
1814 1775 457
1589 2246 1594
1915 1441 1809
1435 1227 2497
1159 716 2203
1070 871 2432
1782 353 2216
498 18 463
546 1621 661
1878 1826 232
1527 476 359
2145 1143 1216
837 644 1390
348 1813 1031
579 1317 2498
2244 1999 302
2486 2266 591
2207 1060 1780
24 2235 1967
428 1317 2231
1570 1600 879
2093 518 2485
2247 2459 163
1161 1309 139
2047 202 2455
1767 2382 1867
2152 2262 1797
2015 185 55
1529 102 631
1794 1256 1706
2125 1295 2208
1899 2188 2431
2453 484 1730
1005 471 1417
277 1188 1144
728 328 1104
2440 1887 1734
395 1069 1576
2174 641 1609
2191 105 1445
190 1934 1575
946 1786 505
2457 2278 976
2092 691 2110
251 1640 341
1940 2378 1010
753 363 2063
1254 1288 800
438 2470 2079
1929 326 1708
73 345 1010
94 1825 1820
1837 1508 1233
538 1104 533
766 1759 984
1439 1083 1009
1411 2494 354
2281 1697 1116
1061 2217 1958
1217 219 362
195 1514 1937
1286 594 2315
2009 812 2430
354 1235 451
1908 1180 1456
152 1263 140
193 1347 1052
1629 1648 608
1046 2074 1971
958 353 154
7 2457 2270
2137 812 606
188 1726 2424
740 1402 2468
148 1202 697
1100 2089 984
2375 991 665
1773 1541 1479
2442 594 2305
1613 2477 974
1675 198 2153
2123 886 526
1502 1372 1216
263 688 1757
1371 235 1330
1518 1139 2005
564 1984 1639
2416 1163 458
218 136 359
945 2024 1406
2171 576 186
40 1283 571
1623 333 20
418 12 151
234 2215 2458
142 678 272
2297 2362 2383
2327 201 1762
2287 1499 1845
2008 1684 2135
2180 864 2385
1956 2049 1678
1530 2255 1116
629 1104 498
1742 2241 2353
1159 1354 902
495 1725 129
2445 1156 2452
438 819 1381
1058 599 1523
215 651 1340
500 1191 1134
789 447 666
565 2023 1385
2197 1226 41
350 663 470
198 679 2057
2212 267 611
262 1031 245
1306 14 153
1296 1721 2346
1914 1095 1059
1097 64 2091
2188 768 965
246 69 1695
842 2433 1387
2358 1971 484
2017 861 962
1222 257 1726
1749 1077 1081
1177 226 2361
1398 611 395
1489 1694 280
248 1314 1079
779 1614 474
1003 1980 1394
1807 1114 1964
1956 1694 1909
1334 2325 649
794 161 985
610 757 2351
547 445 2156
2320 1792 1933
1978 2226 1097
1432 2373 1176
2381 699 484
110 630 203
5 149 230
1553 1546 2392
768 1120 513
203 1922 2324
334 1968 2238
997 1965 651
268 1550 689
1020 2147 2060
1061 1087 207
134 2011 1864
1874 109 2389
2085 1401 1853
2280 1925 72
349 2216 148
1686 1250 953
648 2351 468
1259 858 1748
1763 777 797
2 1025 1239
2433 2227 1555
175 2265 314
862 679 1327
2197 150 1631
1994 488 2409
245 856 1174
401 1517 763
2229 1654 1575
2024 667 1490
2352 1869 1663
244 2060 2218
53 1013 86
758 1269 1714
534 2030 2456
276 2089 1136
1034 2354 2293
476 28 1046
303 884 1112
2234 279 568
671 1473 232
1256 2292 1013
1719 563 1571
537 758 764
407 1316 429
640 1943 1548
275 2377 1655
1561 824 789
1598 1562 2283
1519 1159 2307
246 1033 1142
161 403 2420
819 617 692
656 912 1233
605 1926 1032
1217 194 1971
180 2126 282
171 1898 1587
2356 1172 484
2493 2123 2152
1559 1897 2408
472 1008 333
1506 581 131
158 556 769
1180 1705 250
1061 1069 2093
174 1176 2153
1115 2104 693
1667 1149 1214
1820 841 1480
867 1759 1656
369 1041 2106
140 16 1659
648 2204 385
1418 2273 1457
341 2260 1215
1264 2319 734
962 427 1450
1426 1327 998
1338 57 2481
2226 1420 2294
204 1712 37
1445 1459 2418
1519 640 703
2106 281 925
1597 2372 265
565 185 295
131 1384 2135
2445 1594 109
1928 2045 128
2312 1562 1243
1980 1606 2383
497 1836 1454
1595 2469 162
135 1117 2028
2360 568 1037
983 1691 1841
1930 1689 389
1589 1133 467
1225 2467 789
2290 709 1972
2221 242 582
1416 1884 1005
363 17 1987
1882 2311 1267
1140 90 134
2109 473 363
308 1935 2133
1041 672 2192
1636 497 1091
1433 444 2134
1112 1355 1278
501 1212 493
1219 37 1337
2098 1408 759
313 138 2048
935 967 349
84 627 330
1102 706 2114
1156 1829 1260
1991 739 438
626 1587 1005
796 353 383
1093 615 158
276 922 200
238 988 591
1445 1298 141
2367 1465 670
2301 2027 1532
1218 1293 1171
2139 1897 906
2404 1561 1742
996 262 1189
1651 1194 977
2156 1920 1776
2397 173 383
117 2059 393
813 394 1497
1869 1134 181
1641 2357 2261
2303 224 1128
1802 1719 163
2075 1734 586
1375 50 2449
708 162 463
1913 1703 924
1914 174 2488
927 319 1197
1955 450 1299
160 354 1730
2113 879 1225
2172 1840 1012
1134 1115 130
2457 988 963
1850 1162 725
1704 74 1764
595 2130 2062
460 1192 622
522 80 235
648 2311 2042
326 373 1546
1036 2317 789
843 985 1331
1356 2155 1958
147 329 2418
727 2317 1922
2405 90 832
441 1666 2444
526 1438 930
1739 1296 1479
1506 1945 1391
2148 568 676
1617 44 547
707 1015 2238
141 301 877
1411 1169 215
1713 439 826
2198 208 1277
1725 190 1032
1849 1724 2209
245 1458 536
86 1080 2426
1270 1993 1110
743 1159 2012
346 1955 1860
1980 1678 21
2244 1017 2449
592 1183 2078
2122 1158 2382
806 2294 1660
1927 1214 333
1730 1866 1483
906 101 2415
1597 130 1113
1419 1825 739
1655 1222 2423
577 1916 1141
353 1816 2324
956 487 1277
2261 783 1762
336 1198 827
429 2481 607
1256 77 1120
81 228 2046
2324 1294 633
656 2388 1296
1803 1581 758
724 1669 261
275 545 1521
353 1094 898
631 879 2186
2279 1597 499
2389 1315 17
2070 489 531
2057 674 2253
1797 1184 1339
1916 1864 1355
1319 1059 1720
411 1429 343
1947 2026 300
2297 1065 933
1268 1393 2254
2104 1552 1181
1164 550 1782
1974 1456 474
1212 1872 2278
1741 2328 2228
2322 115 1959
2122 93 23
1808 782 1242
448 1998 212
1375 1539 1657
199 297 1599
156 2100 945
246 1383 83
296 2239 1371
694 91 747
2364 231 966
205 1340 242
646 970 234
1035 2197 28
1954 601 2321
551 875 2370
521 2102 1561
1475 2297 617
571 46 1056
1001 1110 358
2446 780 540
1287 1852 2396
431 1070 1132
1979 358 2326
1828 2391 2491
2297 2363 1918
785 173 1367
1969 1048 526
528 442 192
1581 1552 2362
1026 1185 952
1614 1587 30
1749 469 486
1388 414 651
1929 159 141
2103 1345 469
2061 2377 1393
84 1801 2045
2291 345 2059
70 662 135
57 1616 2000
2273 2148 2434
228 1823 2280
2339 681 2062
765 1848 1742
455 1752 2391
1215 1740 1094
1943 262 2357
56 2107 1222
2096 1276 141
961 442 1152
712 589 1403
2167 2435 2364
1523 2305 2322
140 2120 836
1736 249 1175
1203 1717 1018
2033 2124 1723
549 975 1587
1554 2215 117
1885 1623 172
399 450 1025
283 451 2075
1073 677 2482
468 2227 2243
685 2229 2048
427 1280 2375
2147 1649 2392
2386 634 468
882 1716 2029
1843 341 558
1746 235 236
2072 1150 1849
1877 360 1921
1700 1796 146
1009 1302 1210
1157 79 602
918 2168 712
2410 1259 1292
1117 1377 1558
1234 2095 393
2311 76 570
597 881 628
1572 1729 1074
118 1100 1526
541 1818 1273
1333 852 453
1398 2226 2035
949 1417 112
422 676 655
166 721 1422
1434 404 2428
1894 2262 2404
1989 83 1959
790 517 1862
1012 159 1040
1152 876 62
1057 1176 168
1767 60 941
121 28 1038
1710 1111 1062
301 424 227
580 2251 810
187 297 2221
117 1946 2179
288 254 1601
1839 2134 653
1794 236 1164
959 330 1591
1892 1582 1885
2379 2142 1018
1582 2200 729
1817 328 1080
1417 117 1829
1319 1759 1184
46 2217 327
324 1425 1955
1107 323 447
2463 146 118
144 1628 676
1848 1751 566
383 1872 1712
953 1726 762
230 1829 1685
1901 756 1011
1726 2289 1972
2188 1504 1789
2285 1236 2030
2183 217 2373
586 885 139
2396 571 1497
1377 270 1990
149 533 842
1170 176 362
1405 2207 1218
269 1601 30
1448 652 2087
1492 1776 1562
725 210 759
1355 2078 1390
329 1967 1707
466 807 1871
1063 1378 1139
1542 462 1507
2239 1144 117
480 271 12
610 557 1923
374 1139 850
1494 2216 1537
1648 427 1342
81 2154 735
511 1048 2223
1557 1291 2025
536 586 1815
1485 1151 2155
1838 270 600
345 204 99
1178 1050 670
2484 2266 374
446 669 2148
247 2094 2169
290 1007 1519
1907 1738 1843
2347 691 795
807 2291 923
2240 1436 1961
55 346 951
1563 543 737
2157 2227 1259
1780 1965 811
2387 747 1096
1896 2292 602
453 1012 1140
1347 2258 1930
1769 2189 1807
860 880 646
2042 1660 2429
1539 971 642
975 143 1846
643 1576 61
2198 1442 2370
169 1880 1770
1876 2497 2241
1071 1221 2427
408 1652 1459
1273 487 66
1780 1550 544
2038 2072 1647
1422 2325 1967
694 253 966
1983 398 1651
205 325 197
506 1663 1045
1260 522 1558
2412 2335 1674
2238 205 6
1384 1699 1631
1043 736 101
2329 539 457
2267 502 1018
1281 2445 1961
913 849 1046
69 1090 670
1165 1676 1254
501 954 58
2131 758 1627
2334 1270 1187
1866 1313 1757
1208 71 1026
631 1439 1423
1365 199 2102
1451 779 393
426 2035 254
68 1837 2085
2296 798 595
716 404 2156
338 2228 1432
1723 1000 1989
270 326 270
1082 2215 2262
2316 1838 1386
1813 925 1326
1588 2225 164
434 129 101
2498 2392 423
1985 862 917
2202 1260 1349
804 563 1172
2300 1539 2251
1303 588 925
2396 126 701
1075 1575 424
2226 2352 1793
2386 16 389
1230 1201 1653
489 820 2298
1475 1672 2335
2231 1309 1082
1462 2082 972
1046 2410 2084
1059 119 992
34 1388 2246
2181 1603 1240
1972 261 2255
1796 1086 1223
1824 2362 1205
1656 150 2019
1606 533 1890
1225 1257 346
2249 71 1054
408 2235 572
569 474 1888
1771 1820 1836
659 1504 1274
304 581 260
239 381 1666
398 1060 577
492 19 196
1554 297 106
1375 2147 1316
267 1249 1788
1597 108 1378
1451 1256 1423
40 37 871
810 2113 1702
931 1541 1134
1743 1702 862
1742 1720 1169
2093 244 1304
1981 782 1218
1224 2095 1630
1281 194 216
1126 1086 1519
1027 1823 1665
539 2046 1947
1927 705 50
2150 385 1747
1842 2123 1097
872 683 2275
2024 259 2480
91 2256 1181
2487 1674 1899
1826 190 846
413 2493 1719
2056 847 1257
977 65 1144
234 2033 775
114 1400 1038
789 2224 843
1313 2277 2179
2191 1081 2344
328 2101 2224
253 1930 452
2316 820 1205
2363 1508 887
1446 1917 2145
2219 1364 213
552 1027 767
268 1993 2260
2070 633 2053
405 672 1507
1304 957 1267
453 2244 1898
683 1246 883
312 837 1370
858 2002 1184
538 2108 329
1848 1788 2435
583 878 518
841 232 2292
1193 463 137
2452 2450 2392
826 2053 254
6 803 1343
871 1954 2377
532 1214 925
925 851 1043
1361 1824 1056
511 1885 346
2485 2187 504
2397 1252 2165
216 2140 1323
2286 636 1848
119 939 1664
1018 1877 419
45 1388 957
27 2466 1137
1737 1922 1140
2087 1625 932
954 95 442
1107 164 1702
2470 218 2113
1910 1658 1697
237 754 1011
1884 2202 1792
1523 22 918
2163 12 2398
1048 247 971
2458 2222 1374
847 2089 1292
250 710 186
2429 442 360
1163 2094 2400
564 1424 214
2500 1056 1467
2449 980 380
876 2375 1098
2195 442 680
463 1763 2308
1066 1905 455
1403 2214 115
1970 1225 1960
1085 2092 2303
1438 940 1518
2262 302 317
443 2270 892
115 1584 2314
415 116 1737
1904 2218 2230
2052 1477 636
684 1656 1064
1112 2198 1506
819 1393 452
1714 165 770
1972 791 603
1710 1501 1297
550 644 1842
771 729 29
130 63 1788
1583 97 1387
796 439 2216
275 2485 4
65 2185 624
334 875 2192
461 1914 392
697 978 1898
1319 2448 74
124 2016 456
1352 2226 342
2213 1552 644
742 2141 376
1157 340 1077
741 795 764
2350 1215 2160
661 1736 370
718 229 1077
688 2344 1343
382 41 415
314 433 1480
2482 752 963
1858 89 755
2425 1758 8
2120 1564 393
1239 472 1724
2406 1244 1670
2153 1295 1189
907 898 2138
734 1666 254
2351 2482 1866
1785 1792 2279
73 1022 2319
1726 1920 1205
1764 200 655
333 2488 947
2463 2303 150
905 2332 225
1600 2233 710
1615 1363 1007
901 2458 137
112 1710 1167
1028 1594 591
712 1782 1719
91 503 1776
1128 2069 1224
1958 2176 482
2368 501 992
1269 2183 308
301 1155 504
1151 1377 913
1254 757 1979
1216 541 2478
2386 881 1351
1048 1906 1318
618 2352 2016
1750 1734 1286
282 2381 1046
321 2363 911
1417 1998 2007
322 1194 699
478 2393 342
482 1900 2196
390 850 110
2224 428 1846
1166 1571 2144
789 2027 872
2302 869 236
1172 2492 1298
73 254 2453
1888 1863 1222
1777 1772 1485
1733 894 79
995 1388 2306
347 1223 234
590 936 1554
896 2298 259
54 1136 1489
1317 2142 1745
2430 482 192
997 87 1901
1165 2051 2229
1189 1601 1912
728 1529 1069
142 148 1322
1656 1029 915
967 1966 2301
520 2063 1271
998 1398 1697
1461 1682 1351
1267 556 1134
444 994 1877
352 54 1637
924 1162 1816
1507 1015 1687
1838 1456 576
2259 2438 1572
2173 932 98
2248 1834 2206
2200 572 484
408 1375 810
2194 2487 2418
2000 850 824
1572 888 1879
1979 876 396
96 1701 338
1470 1442 1544
828 1383 1286
1571 2134 523
2131 2029 1535
147 212 40
2098 970 138
2305 1034 2001
260 1111 353
2283 105 2120
1748 63 2425
1238 2458 485
1403 1634 1483
938 1335 864
1250 1413 768
1731 2028 169
928 2349 1448
93 1210 1936
1523 2067 2174
2418 1356 2007
482 1165 2472
2324 2018 2464
273 1913 1102
2190 948 2268
2178 942 2383
1 653 1137
2395 1303 289
947 1201 154
673 1252 2481
176 1016 2189
281 1337 1111
1675 532 1917
968 1021 1671
773 466 2203
1218 1627 793
747 1814 1988
1408 841 1067
912 2142 2140
633 726 303
329 533 1063
1842 1216 913
135 2132 2233
837 1631 1002
1642 103 1654
895 1966 436
1422 2052 1930
822 403 355
191 1444 583
1876 2152 2331
1934 370 1076
1414 135 1533
1201 98 583
2144 234 1933
2390 1998 939
70 10 1475
1974 1470 1315
654 261 1761
1855 2134 1808
801 1399 2499
1554 2218 1490
105 1178 43
793 148 492
182 231 720
1033 2106 1826
905 1512 1627
1079 1899 1784
1828 2199 1702
1919 72 277
2320 1874 851
603 460 833
1991 494 534
2078 1064 2121
329 111 2381
2161 2242 1824
2297 2106 2030
2013 142 1234
1485 1743 707
2138 154 2204
1942 488 508
25 777 2155
1232 149 1408
71 895 452
992 185 1819
2405 708 93
1521 306 1854
1767 617 1538
2267 1678 1856
1205 2024 155
808 1877 1904
2066 2283 2238
1140 1767 946
51 798 1697
2170 2336 1070
255 2271 965
2179 328 2364
2405 349 1113
1202 1094 2462
1929 893 2265
1038 36 1880
769 2298 479
2192 501 2463
2080 627 2182
1788 2465 1052
1966 1454 1553
2183 223 2148
2224 116 881
1506 2424 1212
1803 1028 1327
2412 856 1037
1443 419 1664
1748 1798 1312
2290 1436 1675
1892 1426 1034
35 1301 1863
1947 31 1393
258 2312 233
1845 991 972
1115 473 1957
1790 370 2014
1620 1441 1839
2084 1498 1424
1607 2223 1367
449 1409 704
2251 1045 1614
365 865 2075
833 412 830
1606 2437 2307
283 1094 386
1892 1747 1113
1810 1293 10
1075 1601 2172
2304 1349 1899
430 307 14
1036 678 1024
67 816 1684
1550 540 562
2332 1075 44
1173 1089 1026
1889 1620 237
1487 1713 1254
536 264 970
792 1358 802
1802 1717 977
2412 909 1786
1292 1553 233
1307 224 2007
973 322 109
281 1229 2413
1468 2347 2302
1426 1202 1422
1568 450 2092
2364 1867 1232
162 1124 1372
934 431 2021
772 1893 1099
258 418 1548
2145 1387 380
2364 1335 2113
1257 248 2444
1299 717 1560
2009 939 1704
927 1258 2310
1140 1459 1190
2288 1741 37
1296 2014 1440
995 1582 468
1838 1171 131
63 1543 943
2474 181 77
1036 81 1792
182 2099 810
2299 2273 2051
338 1909 605
1170 755 2151
596 1578 2325
1264 1960 204
2301 164 2460
2315 617 1975
847 2037 1057
712 438 1742
1095 228 682
987 370 2178
385 1301 2349
2219 1524 2055
1691 2084 1208
1950 1306 2177
769 388 2186
2469 2146 252
1514 2089 1616
283 808 1836
858 2469 2030
2261 1406 913
1559 2431 30
1735 2105 2064
2317 41 269
2241 2418 2371
2206 720 476
812 810 155
463 333 1712
1107 2153 78
11 1344 427
824 1864 1848
1165 792 2356
1494 2480 1209
880 1834 847
2197 2095 749
1052 1929 790
1054 933 494
2327 146 1107
1238 1623 768
2389 1756 2083
1888 2080 43
2353 1472 741
1722 623 752
24 988 407
2379 1413 98
894 120 586
240 796 1705
1608 2162 1277
266 313 1457
632 1871 1962
627 836 1060
1255 1220 184
2118 625 1285
86 737 1064
2335 2500 853
966 2308 2495
243 1483 325
694 1427 906
212 2338 2486
75 126 1609
696 1678 430
1882 1356 1966
997 2135 529
161 768 1050
120 1533 2423
1617 723 397
788 900 923
1052 1997 1932
2470 2216 1045
2244 679 989
2169 1703 1781
267 1661 1762
1866 1027 1109
382 2286 1176
888 2269 1182
895 986 1765
906 577 2253
1891 1109 1089
1407 505 886
536 2278 1166
1595 1467 2086
1512 1505 395
1728 1890 2124
1565 1140 1656
1688 2185 1613
2297 1934 2214
846 697 1894
1223 2124 2192
398 42 2044
1114 1281 324
946 1110 1392
662 787 376
1981 1936 2298
728 1068 1731
1500 905 798
1076 2123 2064
2213 830 2119
2386 1936 1774
2496 629 2257
1838 763 1678
2001 1008 834
1934 1163 1348
1183 1936 549
1389 1226 2415
2493 1043 185
2050 1017 729
537 154 1789
868 828 1779
1310 1374 233
1111 880 720
1968 2426 1638
347 1937 1139
2118 1584 1794
1017 1671 2465
553 1215 123
1759 281 798
1968 175 1426
476 87 64
1301 872 548
803 380 180
1762 2285 135
1241 369 1882
903 1343 1833
2443 2036 678
253 821 1822
960 2090 1702
1225 1075 1282
1124 1624 1554
1137 925 2161
113 1241 545
168 1775 1125
2380 1154 818
2113 286 1932
12 862 1364
805 1290 14
1510 527 609
1640 319 1479
1042 1191 1701
1088 96 1664
2244 689 926
1202 6 1346
681 1551 176
154 98 1033
2411 1866 2231
1561 1067 928
1400 189 1262
1366 2289 1691
1507 1180 2086
1095 2263 77
2339 282 630
2216 1784 2078
1271 1337 513
1023 405 912
936 383 1777
803 988 1777
2300 40 804
1518 2043 481
458 2321 783
243 664 254
30 31 2172
477 1803 1891
2109 1010 79
2253 1340 1915
1347 47 264
1880 2142 1483
1331 956 1895
810 1085 263
1663 509 1398
705 1477 1416
626 167 1691
794 1646 921
947 230 2302
1137 2418 729
2001 1536 1574
1450 486 536
608 1698 1210
939 2250 2059
32 2019 938
1532 98 1978
171 321 362
2111 1125 264
2107 1669 2364
1590 2313 1902
896 1818 2256
2053 754 2397
446 423 2017
893 1465 1240
1271 184 1408
79 2084 1823
1106 150 2058
879 44 2371
1366 1741 564
643 643 1852
539 1291 2305
31 1755 36
1298 1033 534
548 640 2228
2246 257 468
1887 530 1536
1728 1911 1332
2107 2099 2118
2492 1285 2370
1006 1129 446
1168 827 1619
509 902 1868
2440 2 1713
2252 137 2024
168 860 1849
2024 1891 1715
1637 2297 1198
1247 594 1908
1812 903 339
202 1053 2265
1039 1115 135
836 1727 2077
95 2016 1940
285 1075 2081
2103 1729 417
593 967 2484
361 2335 252
952 1009 1004
1293 523 788
2172 2207 962
1747 1750 1865
2000 1555 2056
453 2040 2456
381 2225 2435
1723 1921 781
1739 1995 2494
349 2261 2310
1708 648 967
1593 1075 700
1522 1162 936
686 1989 2439
105 1104 155
725 35 1954
1921 794 317
1137 2140 1567
671 1523 1505
1326 1345 896
2075 1179 378
1059 263 2297
1306 1231 928
1882 343 1588
191 1346 1692
827 2047 749
849 1111 67
1531 2186 858
2441 1845 902
1664 449 87
1352 1153 2061
2 42 981
1561 2193 2497
642 1645 1415
1575 802 484
835 117 457
1741 305 1215
1757 86 1319
2479 1493 1312
2072 2235 1506
1748 1629 433
1968 2292 1052
1892 1155 334
2225 2438 1034
1185 105 915
1603 1863 2428
375 99 479
1860 163 1498
2081 474 232
700 1400 2051
2340 1164 2394
933 1281 2105
2414 998 503
1031 870 298
338 703 17
261 4 1809
1809 2385 2249
2167 1419 688
2278 2471 2221
1711 149 1035
466 201 2278
1431 139 456
2450 187 2290
1750 1068 1847
934 1522 1873
2246 244 1070
1292 1024 806
1600 1967 1455
312 126 266
1707 2431 2478
1638 699 405
690 446 1845
1243 1576 43
204 1163 777
1043 815 1575
138 238 613
1322 1494 2323
1759 667 153
1663 646 628
1782 2198 1575
641 1633 847
2474 557 497
766 1237 759
850 1091 468
652 1391 999
1636 404 2326
1767 1706 413
2060 735 809
1930 2327 981
28 1938 868
1146 2402 806
2418 2361 1753
633 205 570
1866 1763 991
1802 238 1771
160 2394 1475
507 1494 39
699 1573 298
242 1493 933
327 792 1977
1955 374 1093
713 452 832
734 1327 1720
617 1742 285
1067 2185 656
1088 1244 1989
1446 1817 1524
154 2347 949
948 892 1882
559 33 1992
1381 2050 833
1859 1345 358
821 1508 1729
2074 107 1679
1978 1269 1805
1517 2068 2222
2121 1831 2488
42 599 545
420 402 2390
749 2063 1015
101 673 1753
345 104 1888
1266 381 1718
1517 341 2261
2200 82 2110
1317 121 2479
2121 2209 125
1182 216 345
2160 1850 227
140 1906 89
758 414 533
1076 414 2374
1664 905 554
1541 702 1836
474 26 1040
2357 529 692
1438 1312 1940
728 396 2116
2369 397 899
142 1701 303
2336 2486 275
1990 1769 381
42 1278 2097
119 2291 1396
2089 1183 539
1084 2106 1787
951 908 893
882 299 2086
1214 1487 2047
1842 57 940
921 2497 1986
26 769 226
242 1938 2280
291 405 765
2362 474 1261
1880 673 1824
721 787 193
2447 993 1000
1719 472 2234
726 2445 73
1609 1714 1769
2366 1044 2346
459 1646 915
1754 260 2245
193 199 1459
1539 1603 1489
1899 215 2417
2270 424 2045
2211 660 1141
397 540 774
2296 1749 1084
1550 1298 934
1816 429 406
697 2056 305
1258 642 1954
1785 1173 599
250 1482 270
92 1330 1951
1610 191 785
1276 777 1530
845 1453 968
2479 2292 2290
727 1626 1521
520 2045 1104
913 1981 104
1309 1657 1702
1141 168 386
495 543 181
271 1902 1568
1076 1764 947
1471 904 21
561 674 1375
14 2182 1319
1219 2312 2172
2341 865 275
815 1780 2431
2084 1699 826
1477 1489 1605
1648 1818 926
1947 1230 942
1186 2211 1606
906 1582 2009
889 2351 352
1102 9 573
941 533 1127
906 1980 559
1472 119 954
2047 574 2261
1014 2345 1751
923 2151 232
2095 1236 1133
2273 2485 1021
2455 1985 11
1713 186 1935
394 966 1582
1751 834 1428
850 1669 858
543 396 1085
1028 1268 203
1857 500 1834
681 469 200
644 2224 13
621 1152 671
722 978 845
408 697 1125
1773 57 327
1922 1904 232
1717 331 2259
675 242 144
1445 1099 2045
1694 728 424
2409 265 1089
535 1523 1252
1535 2224 1538
67 1834 1882
1601 1764 1715
591 537 756
2235 39 2485
2193 1456 668
1947 2295 2018
2 951 891
1904 1661 1364
1993 1286 1748
2023 1080 1755
472 537 1138
765 2337 2258
809 2428 1027
970 761 1596
661 719 508
2177 2486 1721
1626 697 700
1544 627 1757
845 461 1005
1408 1539 1448
978 2332 399
139 1418 2192
461 517 1777
343 2418 265
1164 946 1285
1769 1064 304
2289 628 2358
2187 1080 976
1841 2108 277
1604 225 2078
2070 1933 1595
569 2189 18
424 219 739
861 1364 80
2135 647 1824
1652 1867 1490
528 405 1449
798 120 1643
2475 1097 2452
2064 744 2010
645 1002 1574
1723 1745 1678
885 1755 775
2134 1176 2215
961 856 500
1823 2433 1870
1398 1623 866
1096 1243 1864
2292 1035 2023
674 2138 1423
2106 2242 1375
1779 1815 2060
218 1528 1191
1630 965 1738
1058 440 936
2242 257 125
979 1527 1336
1859 1964 1640
2310 2353 2124
1529 918 130
2224 1822 1644
1372 1595 92
12 89 1732
27 2224 2284
1772 2108 155
1076 904 647
463 2189 818
1243 510 273
1686 1187 2424
1000 1244 2266
831 2123 257
238 1308 1017
1070 2062 222
881 534 232
704 1413 1810
1744 2078 1055
2133 1438 1161
2380 407 637
182 453 557
1455 2079 423
1061 1946 2225
1180 1313 1553
404 1408 2405
825 1766 945
276 97 800
748 844 1178
1652 2311 2109
988 993 1708
1496 607 686
2347 2150 1813
1342 769 812
189 1344 1025
812 7 937
1017 1307 2461
719 1219 838
665 1067 2340
641 1960 1736
1147 580 2127
2028 1456 941
986 882 351
671 1757 227
720 384 641
416 877 2242
962 1285 1407
505 369 1186
2316 1328 2338
198 781 1339
2336 1757 827
1478 1759 2435
678 954 385
111 1325 73
879 627 1758
186 715 744
270 1997 1100
2435 2446 1900
1395 814 1782
29 1166 1014
2473 691 1564
1869 1286 1889
2404 1106 2265
2059 1427 2039
476 271 1132
2085 1727 739
1502 1390 2004
1708 802 853
2038 1936 859
728 1094 1691
11 2049 1377
4 152 760
2393 1458 1721
1003 1668 2106
441 577 1544
1122 2111 1291
1215 667 631
408 287 907
8 1864 1397
401 876 868
1894 577 425
660 24 164
340 404 152
1480 1978 282
1145 2331 2240
1158 1130 1210
1262 1845 1899
1402 2245 1920
1500 1938 1021
651 2309 1625
2260 1953 23
2344 528 2145
945 429 82
1783 832 1698
515 1759 2202
1227 1186 2488
1268 842 635
2459 241 1955
1157 800 1196
509 1815 363
2328 1614 2340
680 763 1891
1562 954 525
92 1650 1390
72 1628 623
619 741 937
2054 1826 958
1744 446 1794
2278 2474 1729
433 2129 2101
2421 523 110
891 1422 63
1021 597 2405
2173 965 1563
971 2047 2437
2454 2420 1434
136 937 1932
168 609 2374
470 646 799
127 1561 501
1469 643 504
1028 1842 312
2312 1386 452
1494 1281 2005
2232 358 517
33 2463 1300
848 1482 127
1508 865 1528
285 944 612
1676 749 709
229 1458 551
1982 1891 1454
2244 1887 1062
1657 2355 1873
49 126 2334
2042 1001 188
1590 318 1783
2363 482 261
895 1500 29
1304 1193 216
1519 2097 278
2254 686 1750
1712 768 1868
1858 2467 2223
2454 999 180
308 662 15
362 890 156
48 447 1143
2009 961 57
1391 778 2049
103 1271 1360
1258 1573 372
2054 988 488
834 1582 651
295 1921 391
1547 263 963
1829 800 2284
971 1001 796
167 1254 1073
1860 135 1056
1672 757 2081
2204 1852 1703
1878 2120 2312
960 1645 144
1031 477 2068
1617 1307 672
1977 701 1024
1481 1445 1372
1596 1553 1373
1517 2397 131
2151 1381 2480
1939 556 40
2051 846 1005
1738 787 1373
397 2125 2408
2403 1823 2433
1189 32 2151
2467 2293 1460
2271 510 578
779 2162 684
1438 3 341
2025 1233 1047
763 1215 146
1145 2011 320
1211 1451 398
594 1768 1787
2306 1809 725
2170 2242 1638
2430 1020 2157
1088 2083 620
1472 1383 1740
1256 752 370
2081 1060 823
304 1845 2366
2420 1450 2284
2070 2393 468
136 396 6
654 838 1897
1781 1267 1015
747 539 1052
1086 492 2068
1884 2416 1798
595 656 1101
848 975 1027
1413 948 491
735 1108 322
2497 148 2407
38 191 1192
1070 740 203
1269 1771 1300
37 193 38
691 166 2359
1368 2378 859
332 1846 1534
2328 1765 1162
84 1027 1279
208 569 1408
1854 1527 88
2328 908 390
1132 2060 932
885 1737 41
982 1353 1543
1768 166 1271
1819 1556 657
2011 198 337
1026 1490 1332
256 788 1315
809 259 491
698 569 1893
1542 511 249
1473 276 643
860 958 237
1332 1557 533
255 1168 980
1386 385 1228
1100 1127 1716
1039 1609 689
2160 333 784
231 1144 1974
2026 622 633
1484 1766 726
626 1400 1399
2388 28 170
1963 265 1736
867 2155 315
826 1068 2489
106 2199 2333
622 1087 2091
589 2485 167
2455 2450 116
1966 1749 1629
996 2495 1267
1510 113 2185
1692 1339 1913
2062 1921 483
151 80 252
276 1846 1386
2143 2401 938
1673 579 1825
773 1532 1552
516 1367 111
1692 2397 2251
729 1132 429
361 498 2087
1918 837 2179
2216 1209 2102
72 1804 1758
558 655 1670
2323 986 1426
1873 1261 791
359 2444 133
2080 1288 1057
401 2086 1097
742 412 75
405 1351 913
1572 33 1171
1735 1813 288
1318 397 1747
1711 316 1264
1488 585 224
2478 1401 843
994 558 1665
175 1505 1982
194 327 1593
15 564 1481
1398 1808 1435
1563 29 131
2072 135 657
694 281 459
488 1695 996
579 1709 1528
353 2039 751
2087 416 2422
387 2149 1286
1534 1032 323
934 2344 2157
739 1454 1406
2142 1486 1807
2053 521 1630
187 1244 966
822 1718 2134
374 1166 444
609 174 852
627 750 1391
795 1277 1922
77 771 372
555 1835 2251
130 785 782
2163 549 1198
64 1603 1968
2425 743 504
358 1960 1828
1274 2389 830
2089 1031 474
1031 1986 50
260 1874 1123
1803 1455 1914
420 1377 1629
1785 858 1883
119 1993 1997
934 110 799
1415 112 2267
735 1939 938
1578 1613 1728
2335 1249 936
2089 963 54
1303 1498 1949
1514 2031 650
1504 2396 849
433 913 441
82 2053 1607
1551 277 961
1788 126 122
571 1702 691
214 1749 24
2044 1883 1480
1723 1479 813
615 296 1533
1658 1826 1244
276 334 1708
2273 2311 112
495 575 1146
2335 830 1520
2159 1077 1417
1226 318 755
1654 977 1497
1498 2413 243
2252 1122 856
1705 2062 1360
1486 903 2358
2179 2069 604
1044 2475 2311
1440 1542 1634
1038 856 2224
752 1170 2395
1271 785 1133
2076 2424 893
1165 1115 1592
1992 971 1870
2486 2447 429
698 2447 402
477 328 320
2298 2090 2496
1277 1910 2042
2133 2013 59
12 2034 312
1873 2037 474
2422 987 54
552 431 1878
364 2040 1760
155 1046 1735
786 234 1621
2147 1958 189
2381 708 878
266 1716 206
499 1151 1930
1590 1192 1261
1087 2468 1653
625 1914 20
1134 1594 2306
1750 2216 1538
1429 891 1831
1194 1808 2076
10 1288 2036
1235 2349 1185
1759 1827 562
166 1708 13
1857 1591 1897
2089 1177 153
1355 2389 287
1526 524 824
949 1868 989
882 1525 436
2223 2232 2206
1694 429 401
1862 1535 111
696 2132 1990
350 2138 1435
2291 770 1699
2338 1447 997
196 1474 2454
856 715 1477
373 1889 1890
233 772 1207
494 1334 976
1201 1480 2327
741 297 2143
971 518 185
470 1078 964
850 1467 1566
347 1757 147
1667 551 1017
90 1857 305
559 1056 71
1556 53 2270
2470 1028 749
2389 634 1416
2008 2048 424
330 771 2238
1091 339 473
352 1192 1180
1307 1184 99
1564 1179 1479
720 923 1982
167 1849 825
1105 1589 2090
1380 2042 497
597 513 1587
1283 2219 818
1983 569 755
2443 132 382
780 2034 85
1609 243 1629
1879 461 2310
956 1393 2162
825 973 188
1254 1232 1378
1271 2373 2246
324 29 2339
347 2099 659
1245 841 232
2158 1136 1071
220 351 1690
1443 1756 298
645 1215 2371
793 493 959
1956 1998 1078
2019 1108 936
2244 369 785
968 508 1921
483 482 50
2062 1538 1838
1499 367 1814
1809 1142 578
538 522 1185
2062 895 205
2204 1233 1921
1620 23 1659
2090 1542 502
643 1975 2429
1588 2421 1569
1112 893 558
1505 1099 2380
1755 1372 1260
1829 475 1979
49 114 96
1473 1232 1823
1529 1364 1043
2258 2196 157
119 2256 735
1279 125 2478
2114 1968 227
609 248 420
2251 1561 2225
2421 742 2026
1153 2441 2488
422 1427 318
651 805 951
90 2169 577
2006 1594 1974
2261 324 1493
1347 623 1874
2217 2336 500
957 1467 1738
1827 1089 10
1325 2249 1607
349 2160 1212
1689 2385 2360
1992 594 1588
1520 817 2068
2444 947 1693
2455 289 1608
1772 674 1630
1882 520 1986
157 1207 1242
452 438 2344
666 2042 326
2203 2401 145
1343 224 948
486 1209 538
1572 681 1710
1878 1969 219
143 283 1682
2013 1056 412
1064 1364 2131
1893 2259 532
1209 1424 1078
2357 1074 1202
1931 888 2105
2402 1909 1842
2122 577 26
2226 445 639
1140 132 1978
2145 505 1062
2245 2471 1183
1797 410 2196
2328 1920 1345
191 305 1160
1900 2420 526
1330 1380 2290
2040 911 158
2082 1952 1182
644 1651 1155
394 792 1624
618 291 1260
843 2407 2483
852 713 1939
738 863 1060
1512 1575 1982
1199 283 1207
1802 128 1903
95 1277 1210
614 128 545
586 1468 1466
2455 2300 748
1963 408 137
391 1584 1698
371 2441 711
1500 2223 85
609 396 318
1570 1668 36
1612 2301 759
989 490 361
1424 2430 859
1161 1996 2176
886 2158 2233
166 2466 504
1434 1584 1261
1189 1176 1256
1152 852 2291
2063 2228 2010
595 1488 1242
668 1264 479
604 1104 1334
16 489 1015
848 859 741
180 1836 837
1689 54 1105
1473 1431 861
1501 1631 289
805 1842 996
1459 880 2015
547 1808 1377
1393 802 1109
1305 424 528
2424 985 69
1687 424 2148
65 1194 2463
218 1405 2462
231 213 2200
563 1181 837
1166 1882 247
168 55 2308
2063 753 420
595 2003 1946
328 211 1713
952 1482 506
314 49 1326
700 237 175
2051 780 504
760 587 298
1590 1581 1398
1983 227 476
1612 1437 2356
2276 1067 1129
412 377 550
1772 632 2474
536 798 1258
328 356 858
2214 5 1988
2212 934 100
311 1310 2048
791 677 669
389 204 1990
1285 768 1102
748 1062 71
1689 674 1407
1517 1563 222
1120 464 1044
2207 1933 858
2448 1655 1248
845 1141 129
517 173 422
515 477 2421
1017 1554 1463
2174 1849 1124
1614 702 2073
1113 1835 1162
1380 1186 2141
537 40 2269
383 2180 1949
1165 1186 2010
583 1630 1647
1298 1887 2461
1271 1621 678
724 76 1422
1539 62 1925
584 767 2088
2242 1234 1769
2314 458 1244
1972 1812 1426
1196 2383 1592
1462 319 161
1450 1893 1517
1496 1241 542
1959 1999 787
1952 724 1119
2091 997 1205
42 1966 35
823 2291 689
2233 1750 1013
2152 1801 942
2299 1261 1122
1803 222 2366
1638 1519 1988
1810 664 1286
1568 885 673
1968 1252 1257
424 426 473
2404 2435 590
1894 109 990
1615 721 2434
1676 759 1651
2159 1334 2153
1595 1968 1346
2209 551 2291
1579 138 1286
188 836 1637
1715 825 1935
2030 734 2398
2344 2246 1204
1336 922 2290
1874 1916 517
1246 626 232
1618 1972 1229
918 2187 515
1790 337 1143
623 1400 1256
1496 1460 2272
2186 2122 630
763 1567 1142
979 569 1587
778 2140 1333
1184 1791 475
797 1716 1391
1490 1344 219
1287 2178 1990
235 2091 579
667 1715 221
2183 1867 2298
440 1843 291
2308 29 259
2486 2047 2208
168 1809 398
1622 1650 401
446 2421 574
232 1242 307
1429 1629 537
2223 2226 657
2279 573 332
1334 1265 1213
341 665 151
881 2368 1133
851 1742 1755
1495 327 1483
2383 944 548
1580 1539 929
896 1657 507
822 1254 1993
2131 1009 966
326 972 1213
1434 1653 1002
717 961 1819
30 2377 104
976 244 2192
2036 782 2379
1747 2343 865
1546 1395 1459
1943 1252 2181
1843 1982 2051
156 2197 761
158 982 802
1047 841 370
650 260 590
1996 1127 1930
804 483 2216
422 1865 129
342 2414 2431
1018 547 1549
172 1953 192
2328 1161 1575
2418 192 248
9 425 1565
1241 109 735
1778 1368 216
1946 1474 1033
2258 385 2280
2305 94 514
949 686 1064
1084 2117 868
1319 1727 1609
486 84 1444
129 1628 2393
1995 542 1251
1196 850 1774
927 1203 2030
1318 700 960
1388 542 950
301 835 1332
171 351 1331
1206 2212 628
250 494 971
504 1930 817
909 625 1419
95 2101 721
933 849 1649
1503 2346 1055
2192 853 397
2323 1360 560
690 786 1911
1476 189 1214
2325 2202 1830
1985 1243 1764
1313 1788 765
664 1879 270
2369 1078 736
1846 1957 2411
1035 179 2032
1981 451 1238
579 1448 1196
1632 2107 2352
1825 237 2356
1019 1246 2250
1252 2314 929
1285 169 1321
2164 978 570
420 1415 579
725 1614 2465
996 2203 2452
135 192 1158
1619 2447 1584
1054 1455 773
2332 1742 190
2439 2054 1394
2411 1695 1026
1056 1940 1374
2478 1593 783
1146 178 903
1205 495 445
1254 1453 902
265 2232 234
1470 476 1728
792 1924 823
1683 1102 1101
291 1993 2103
315 1773 1925
962 2028 1868
1231 1708 1208
1945 1222 746
2366 1384 691
674 2297 1552
1681 617 1493
969 2017 707
716 573 1135
1236 2403 2415
213 814 1366
991 1545 1561
838 2188 1928
1037 1255 936
1658 1224 621
707 1168 649
890 935 2358
2476 268 1145
1673 1576 447
2358 630 547
191 94 638
2433 2024 1885
431 810 1240
1288 1046 189
725 1746 464
1304 967 1236
939 2480 2420
1236 1483 747
2191 928 618
344 2261 992
1416 419 14
2040 25 1928
261 1948 2400
721 914 1630
550 635 2419
1627 1688 537
1056 390 711
10 1910 1789
2227 1795 383
841 424 1217
2336 299 522
2135 1427 1843
2481 630 1917
1830 2045 235
1441 1600 2329
123 1216 406
865 1491 538
686 573 1214
481 167 1054
1890 218 1288
534 46 225
2279 1804 914
1153 1247 2047
2357 164 2275
470 2237 1414
1388 444 1982
1089 869 2094
317 21 36
488 1326 1833
917 222 1232
997 322 77
137 852 976
2099 2466 2138
1570 2176 1743
1470 1196 1525
1995 873 1577
1574 118 581
29 2220 917
2017 963 79
1893 31 122
1241 252 447
1059 323 899
1642 1177 1230
852 1306 2022
1156 1768 448
1775 902 1757
1300 646 1534
1413 1094 1161
126 848 1333
1601 1917 1990
2183 1833 1151
223 1852 2027
2163 2321 1184
2140 1137 2332
538 1683 2489
900 1775 172
2249 959 891
1378 1332 1898
2338 1288 2450
340 946 2195
2127 79 493
1803 270 151
1095 843 1400
407 2368 1627
1448 635 2392
1953 1307 1222
442 1825 783
153 2341 2472
1843 2114 1889
1406 2394 1314
1028 1146 52
1315 811 101
423 1001 1844
1511 1272 1199
1645 891 866
1139 1431 173
630 362 2051
612 1718 117
2271 1995 839
1376 2134 999
861 2378 467
893 2188 504
720 263 1454
348 1218 1862
1846 1857 1111
407 1103 882
1657 509 108
1207 38 2197
56 565 994
1094 1008 2350
1825 1594 850
1513 665 67
1878 2219 1719
1510 2281 754
1026 910 881
549 162 2180
123 1629 778
2495 2104 491
663 727 793
1375 1352 804
190 507 1489
135 354 2221
1165 1908 156
1803 119 644
42 938 2056
2249 546 494
1270 1439 1936
2292 991 522
1051 6 514
1555 507 1087
2079 2051 62
104 64 338
1898 871 991
2236 202 704
569 2412 414
2021 1306 1552
890 1001 15
134 1587 699
655 1634 1066
580 1813 1817
1747 723 1133
1609 298 174
46 2463 491
2019 1168 1741
2052 921 28
543 2357 2351
197 447 1098
2156 2069 1478
120 2162 390
974 1709 330
1795 2147 84
152 1241 74
397 1645 734
174 493 1923
1374 1531 1193
243 1343 282
1612 1698 2167
98 285 1843
1157 2443 1849
1382 2006 269
1091 1492 1089
2132 419 2007
1012 1756 2039
2385 2059 1448
1705 497 784
277 2495 1477
2386 617 1130
1969 1593 2078
2162 1798 1356
1725 150 2235
1776 2440 809
1019 407 119
623 572 1055
230 1048 2155
16 227 238
855 40 1539
717 1826 1911
1757 1237 2302
313 79 906
981 2106 1239
1379 560 2155
1938 1320 2222
754 984 1833
1522 1206 20
1113 232 442
1677 501 2272
1197 1762 2492
713 746 414
2450 999 841
885 2046 234
893 1947 413
1830 2362 1377
983 1738 991
257 2016 1023
225 2220 878
471 2011 236
890 973 811
1965 2163 1138
1042 1804 1855
770 734 1170
1788 184 556
1239 954 982
1559 1006 43
1454 1113 1065
2122 1137 1095
1305 864 978
1468 1071 335
329 2167 1050
1428 1698 2301
628 1532 1533
910 2469 2427
2470 1273 286
444 2392 1822
1169 931 1315
369 1455 1615
1599 780 1620
1206 1739 900
1612 1552 666
2474 317 1391
1990 2112 2052
1121 135 2333
1675 2247 2078
2318 1773 1575
2332 14 1536
1177 390 1903
2004 765 1072
939 2126 2226
237 262 1709
505 1755 129
1918 826 1668
894 784 2224
2310 1639 811
1111 2059 2000
1820 1109 1248
2413 489 757
2471 670 977
1593 951 1670
2382 1409 36
46 1567 1948
525 1069 1826
2339 2265 1619
252 1300 1518
159 1518 1563
1232 2285 828
1803 2074 1244
421 1021 195
988 1467 1389
1240 2326 1837
569 264 841
1529 1420 315
146 1953 2278
2009 674 2086
2255 143 973
767 29 1475
686 2439 2189
2128 744 2434
1454 1258 946
2224 1506 1915
2205 323 1985
292 1365 1754
706 1951 374
1791 325 1005
1941 2490 547
486 856 1212
1339 251 2035
2268 2093 141
2077 1440 956
2391 303 1298
1257 2124 1030
2246 2335 1388
877 101 2368
107 329 434
2089 1915 470
1078 2432 1530
1029 1824 1974
1570 1806 1669
2085 2334 2353
1253 593 115
1102 476 1534
685 1308 2141
384 1561 965
1942 23 2478
1984 2393 1783
904 344 1507
662 1443 1942
465 824 1448
998 1544 1259
1538 937 1999
1815 76 983
2230 1486 854
1176 197 2339
904 1863 613
1289 2373 1527
1976 2094 2489
2240 1436 1008
810 266 1581
1400 2283 714
699 28 574
1124 2255 2174
390 184 1341
1277 80 1025
1185 2085 1519
805 987 1543
1319 1632 1673
2306 1231 1938
1710 32 1903
2087 297 2120
1950 182 2497
2288 907 167
122 213 275
1992 826 1820
182 488 2488
93 1887 1441
2143 219 1721
1897 561 1340
733 53 2445
1324 1695 241
1273 1089 2202
1941 1541 2179
1693 2308 2154
1050 2009 315
2381 363 745
68 1642 1746
1233 1974 1658
2495 984 640
1602 558 2150
491 28 699
1301 1545 119
978 1805 57
886 1209 1265
725 1226 2221
1144 1664 2274
652 2485 576
989 129 1600
1159 620 2078
1144 1190 1580
1446 227 305
66 1076 1276
1966 1776 207
1066 542 362
821 2147 44
1327 932 1295
313 2482 1154
1059 992 1317
158 1121 883
2346 1474 661
285 457 2384
218 1878 1124
831 2138 1719
1004 534 872
1413 536 1253
1502 1906 807
2013 1916 1711
1461 200 758
2232 2482 1682
671 1134 364
1434 221 1372
1032 1166 706
2377 1326 1616
793 4 1271
1853 2427 1295
1721 1303 1486
1849 1454 1922
453 848 1147
1328 1653 1948
2456 1958 2486
1679 517 967
415 2154 444
1221 841 2334
2224 2180 1343
165 106 978
971 1664 1927
1001 144 2421
1564 94 723
510 795 1862
2151 1780 1320
105 1341 385
2085 927 224
1719 1514 127
541 147 1900
678 94 2302
669 165 1524
2066 1492 1166
953 2110 374
7 1051 2404
2302 2433 363
280 80 154
537 764 593
2092 1636 1446
2134 388 294
2262 2437 396
1964 751 974
489 226 2117
1410 1156 1060
1599 1738 881
1848 19 2118
2388 1874 2486
1813 1320 1449
1320 80 2353
508 1400 2042
1600 1674 222
1611 2100 2104
1249 1170 705
1449 1808 1976
1050 339 821
2338 531 537
438 701 2143
1143 2413 1683
2177 1549 1733
1815 90 2397
568 2168 1064
1779 1171 1999
305 121 1008
284 2008 150
2197 2218 270
42 901 1244
199 1164 831
1429 639 2334
729 804 941
777 964 49
1663 2057 2436
245 722 489
2300 1125 574
1967 2264 899
178 2134 1413
1855 715 1127
2144 418 2224
2486 1214 2220
55 1550 123
2329 1023 704
1559 1067 531
1379 2210 1896
1609 1557 1402
2043 2268 1352
113 1552 669
1176 950 414
1334 1483 1861
1387 2171 155
2438 2257 1372
1531 2246 2324
178 178 1687
1577 651 1451
1531 125 208
1203 1906 247
487 896 2446
834 1617 2175
122 648 1054
649 1322 1066
2443 2096 2400
1913 1336 2497
2391 1722 1340
1833 1317 328
1449 1088 996
240 419 2285
2248 542 1090
106 580 2220
237 314 808
1771 640 623
716 1535 101
2256 148 589
731 1594 887
1274 1596 1384
2284 86 1948
223 961 1262
497 180 1497
1653 1524 701
290 1572 1436
1559 781 1757
1587 2338 2491
2153 2395 159
29 1174 303
2087 1505 2410
1167 356 457
1530 1170 986
2409 1027 847
783 1561 1098
2178 1370 1045
342 298 202
68 101 1161
1625 2286 212
918 1687 1471
519 417 239
2445 1407 1922
542 624 2380
2389 216 1619
463 2058 1616
2157 388 24
2389 2342 2097
736 1360 117
2495 695 1281
682 364 2187
2167 1754 1996
2151 1229 625
1890 393 2315
2329 1632 2180
1122 796 392
1841 2461 1108
1996 45 1805
2072 555 1841
399 1405 888
1991 510 1985
116 141 1325
1753 2480 2096
2394 743 101
998 1871 732
1686 383 2146
1602 53 2289
1645 1328 2133
1237 1309 2085
32 653 1016
1284 1249 382
940 1 1313
560 1669 1619
557 914 249
100 202 2287
667 1364 2017
866 403 1629
2459 941 1089
1020 1556 610
1975 2020 1684
273 754 870
750 284 1152
2439 1989 2179
966 179 813
263 1029 1288
885 259 1242
17 53 228
394 1524 1542
2203 249 1783
1713 1485 135
1618 2096 1744
2157 715 312
1561 1653 974
1723 106 1102
1791 1860 2306
350 850 1795
1010 1707 891
481 1666 1366
2037 1119 117
2114 542 284
664 1019 1175
132 1037 1082
893 2385 652
1836 1542 739
97 1237 376
997 1036 516
1236 1651 52
670 234 679
2102 1455 1695
79 1159 242
1516 1754 730
1766 1650 624
966 1713 2071
612 1755 1591
2250 1659 2042
1556 1020 1791
387 1572 2405
2274 62 340
650 353 1222
976 2220 2189
1941 1784 46
2062 837 1714
1225 2456 1771
1522 15 2397
293 1693 1904
2158 778 1114
1313 2081 1391
1893 278 632
1603 739 1790
132 535 1913
546 1878 435
1906 1060 105
599 1890 1509
143 1098 1037
1576 1920 1055
870 1817 338
1245 981 2243
659 325 94
992 1070 1868
669 1449 2171
2028 1493 2058
375 328 797
803 1844 665
740 1905 564
1229 1613 663
1277 1292 1496
1980 1393 22
1268 1589 2293
251 1483 828
505 231 1216
445 1853 1206
276 858 2068
2165 538 364
1925 770 360
2180 738 1584
2349 2324 2382
2287 674 1327
877 1402 170
1507 1567 1704
1276 1383 999
1433 344 233
1814 2146 1838
1526 1217 1131
701 1185 1521
823 852 2122
264 1508 1208
1656 618 1082
142 1068 1974
2012 1183 417
981 2075 579
376 12 2395
481 1834 157
680 1144 1301
2171 2088 1403
257 2276 88
654 485 1379
228 1453 1323
2330 792 829
789 2483 388
1863 1181 2306
1956 1270 2269
1798 1412 665
369 2028 2102
354 210 1649
281 1375 2429
838 822 1211
2176 1210 1358
2381 147 369
1015 882 113
805 12 1764
1168 827 494
1063 511 1273
448 254 2493
751 1832 508
1669 2029 97
106 402 1565
1558 114 2131
2200 1195 1092
1442 2132 1610
63 2096 227
1430 2092 582
1025 376 137
729 997 76
1850 1537 1435
502 154 1355
260 1103 2387
2435 1385 1584
2379 957 1688
657 771 2172
170 1521 356
1471 1922 676
1761 273 1164
276 645 2004
842 1083 1142
71 438 2003
241 881 649
2215 1354 2140
2115 1247 2199
1736 2412 47
2361 1899 1837
393 679 2480
1369 134 806
1613 487 169
1594 417 821
1585 165 1807
324 2063 2337
1570 940 2272
1158 715 907
2133 731 987
1658 379 125
190 2465 1423
1859 1076 2199
2323 2312 1352
2471 34 1723
1491 1083 1878
680 813 2405
1614 1041 1219
669 293 1000
2413 2360 1617
1261 2490 2113
1231 2189 545
2121 1620 1650
1621 436 2457
2114 1056 1845
2396 935 1413
1864 1938 802
1182 2031 384
50 1843 2274
1885 1696 2105
534 864 1807
1181 1621 382
1390 749 1612
1209 2011 726
197 2118 2404
1142 1834 2018
2056 1683 759
1570 1969 2363
996 1916 292
1622 816 601
1554 2271 1308
1784 1537 1486
314 2268 1921
1907 509 1453
2296 1742 2450
772 678 1321
2117 492 1850
1897 532 532
339 2439 1833
740 1603 991
1467 1370 2193
642 1008 2319
2026 1547 1253
1690 796 745
92 2174 1326
1661 1064 58
197 207 1675
2105 1514 1699
2024 735 1724
1515 1876 1626
1242 1863 1475
34 1085 1139
187 1704 2083
1698 116 100
1300 1581 151
1659 1828 1986
2494 1538 325
1198 197 748
1915 1922 432
924 1449 567
1120 1448 655
2281 1293 1307
1184 2202 662
2156 2174 1249
1884 1898 1509
1513 2240 2022
1723 930 561
1111 456 794
1617 297 852
2320 1375 307
854 906 1867
2280 981 595
884 2338 1822
631 1025 211
1912 461 2467
297 1376 1032
1110 1137 71
384 2003 2100
1020 849 855
1133 64 2411
522 2485 155
1401 2392 259
282 310 1183
394 2097 785
284 2405 880
2308 145 1734
315 458 1040
115 931 1984
1126 525 783
745 2102 2452
1445 149 937
924 1587 1787
1934 2050 510
406 2437 2139
2404 162 1987
2299 599 986
517 2025 2125
913 1791 1365
496 809 1844
1470 1568 1281
510 943 1092
695 1345 984
1682 1887 1763
542 1366 546
2499 1421 939
1263 691 1209
1465 1895 2088
1610 373 1122
91 1107 1115
1913 995 211
981 2287 2461
586 2046 421
2259 991 2033
2085 1388 2455
1685 2419 1844
221 2004 525
159 1778 1347
131 729 577
2159 428 1707
1285 395 1022
736 1699 1914
196 888 620
1467 444 2366
1100 57 346
1764 21 2239
2117 1626 1364
660 908 2395
371 312 1999
2400 1966 156
959 378 1852
50 1647 345
999 1135 746
153 1329 1760
23 212 1122
1708 269 385
1707 489 1693
2013 1172 2270
1711 1443 1381
2045 1078 701
404 890 200
1804 123 1246
169 1747 2049
641 1345 1162
1474 1232 1203
1675 815 474
1259 1255 2037
1578 723 1876
295 541 2065
2031 775 194
1814 2123 700
875 988 206
322 2110 752
2465 2007 1031
875 283 1400
1380 1953 796
2278 1464 2279
1553 1571 1531
2171 1668 1281
2162 1991 389
2470 625 921
2190 2059 2445
1987 1835 1263
135 1007 1869
2376 437 2134
861 1691 1835
1940 1218 50
2009 693 237
1861 1893 727
476 2129 470
1523 1800 1698
558 1338 388
1051 1265 1409
600 2292 308
207 2239 1545
1060 490 14
2219 241 54
1676 40 528
1366 41 232
560 854 1198
188 802 1320
205 2488 1933
410 283 1945
1277 1118 477
2016 1006 2143
1195 1119 132
1893 1368 330
594 2186 1301
1840 1803 334
2366 583 2381
388 445 2457
2284 2136 822
1838 1393 1970
1045 634 1990
511 388 1261
1309 2322 700
1799 718 1833
1730 745 1610
109 1339 874
60 675 163
2002 2168 1669
1599 1126 2124
534 402 277
2219 1334 1459
643 1224 2101
2023 472 1194
1880 1152 1157
1921 2478 2447
343 1435 362
1408 542 1417
1566 378 414
1116 1275 1219
228 1109 409
1872 2417 2130
1266 973 428
2335 977 47
801 864 18
273 262 643
507 610 606
131 951 2439
1856 1768 1727
654 2276 2346
2187 739 1484
288 1790 1924
1086 1053 2450
1095 77 1990
302 380 1674
1909 1587 119
1226 2113 702
12 775 2185
1562 1822 2470
1064 786 401
264 1480 1626
1134 749 1254
1992 1278 2381
555 595 1230
65 192 1343
934 1086 614
1176 1705 1612
106 710 728
1584 1288 850
1250 2453 1791
1665 555 346
470 1050 2093
2035 1715 1430
1844 970 1909
331 658 538
2182 210 80
1015 472 1525
2320 1152 920
1225 1830 2060
1024 1961 2273
1757 2281 1864
221 2316 1270
821 2369 722
134 879 1790
502 818 254
1240 1034 2061
1306 1007 1467
1351 935 2406
1404 2224 802
580 2277 1948
1432 2383 246
1616 10 288
1925 5 540
1070 148 549
1399 807 163
2407 944 247
1223 1484 1904
2043 1002 321
842 51 2157
1921 838 1278
781 1285 829
587 1929 2488
1753 675 449
2194 1808 210
218 2299 2170
2285 427 696
1653 2305 440
877 2141 1604
1908 1930 2157
923 1798 1249
270 1466 2431
385 419 2099
1462 124 1641
2224 1006 569
2105 1660 1565
1016 2475 1132
281 478 1114
1614 171 1247
2420 1050 2259
1827 2025 565
1872 41 1414
657 2351 1113
2147 1206 2371
509 1280 2033
2167 2037 1445
2130 1189 135
164 489 1699
2123 2038 1063
2050 1150 1275
989 1192 628
30 2148 821
603 2193 1603
450 1222 2193
573 1150 1270
602 1499 1042
672 777 1215
1211 1435 2386
748 744 972
1575 119 1824
946 2345 509
1830 650 1977
1710 1498 1342
2278 1080 1099
870 703 2207
1381 1771 2390
437 1058 1955
492 903 919
213 207 526
2225 2333 839
1091 450 780
2291 480 61
1608 2386 2113
2392 1753 778
88 1042 2182
2270 1284 1045
963 2280 461
1084 1875 2454
1006 2302 2071
1686 2213 1190
399 2168 1705
1235 1896 649
221 840 2148
457 2426 1145
1316 824 348
2211 1975 2422
298 821 77
933 1405 1838
27 516 1226
1403 693 1301
2136 1518 1280
77 2039 1892
1303 78 559
2347 623 2148
473 309 597
1906 119 608
679 1982 1880
1249 1430 166
2063 1788 702
2461 1394 1971
772 579 667
1077 569 574
2278 318 1572
479 1086 1299
2279 2110 545
2051 743 836
1603 2496 1725
2394 1040 1993
626 1605 520
907 2398 23
1430 170 83
1610 1914 492
974 1387 2462
1256 860 688
81 466 1805
1671 1012 960
1420 31 766
896 2195 2089
890 436 790
2449 591 2451
1268 1686 1121
1511 2234 2096
1205 1715 2447
1936 545 2136
561 1313 125
1358 850 1666
581 1543 2335
2490 2348 2128
1591 1262 1391
1290 1935 235
579 724 1871
361 665 1429
1598 2346 374
685 1340 62
1788 2282 956
1834 2274 1273
700 1888 602
425 2325 1008
21 1038 1104
1479 670 1454
1305 372 2017
1007 2031 436
335 537 344
963 2256 1366
1169 1419 1596
887 1836 1009
1296 1034 1570
1051 75 1109
2434 1793 1228
441 1615 1336
1944 2480 1960
1035 713 2393
143 10 9
773 1486 1653
1136 749 2129
2260 781 1806
2028 1774 708
2475 1411 2364
565 73 64
1313 2186 250
931 879 260
788 812 1569
659 1998 103
2140 253 2028
1827 981 70
609 2151 1119
2200 1840 950
1309 1074 955
2043 245 1019
614 701 1405
543 365 748
1584 1874 2455
2273 341 386
666 2242 565
1157 1866 442
1055 1648 2460
545 747 1877
1618 1084 698
1142 380 2229
1578 786 703
307 1770 221
2190 512 1914
1792 998 1567
95 1937 571
1248 1813 997
1419 269 1580
1388 2402 776
2292 200 1941
404 328 1169
645 698 1154
1265 1257 962
144 1405 948
1300 1805 1496
1747 19 100
1022 2151 1820
273 161 21
2255 636 1310
1746 1319 1658
634 1047 755
1919 170 449
60 1572 2024
2010 40 1862
995 1847 1131
101 1785 779
1963 1059 163
1571 311 626
1602 1415 404
1610 225 588
7 1223 1805
1503 1258 2034
856 1249 118
1296 2249 645
951 644 1353
2395 2471 144
806 520 2024
908 357 1301
2223 983 928
1967 2063 191
113 100 1639
305 1953 1339
353 596 233
1262 147 794
1722 1748 2399
2198 2166 94
1911 1770 2353
767 1206 982
1580 129 519
1409 1897 2437
605 481 5
2398 2433 1662
2410 2447 991
2318 1292 2265
1279 2022 2079
29 1438 1425
1284 1766 1287
1451 2343 1249
733 2450 2021
2014 2097 662
2312 499 1935
1838 1903 939
1546 569 1629
2384 508 279
721 1023 1618
1348 877 2094
1402 4 847
1948 1091 183
2291 1872 170
43 2453 536
1251 2275 898
2231 311 1756
48 2173 1526
706 965 329
698 145 2000
1857 1469 1365
2479 1991 408
444 1480 1474
1723 2145 565
1633 2418 563
1294 1753 1737
1187 1242 2323
1530 67 2185
1314 168 2470
1853 144 2475
914 2098 1053
539 1918 1905
844 419 342
10 504 546
1726 1454 2206
871 1959 1237
999 1237 1304
1502 922 908
160 1790 2375
1889 1030 339
1327 2308 1394
1678 2263 2435
978 1281 2487
1428 1196 47
1114 1851 1778
1322 2168 31
2479 1519 1630
2330 778 489
10 386 3
1816 2131 556
2432 894 2259
2192 1028 430
1567 761 1804
852 149 1474
725 1211 507
1307 2128 1382
491 1930 2418
2279 1056 2320
1920 1907 1760
1879 1460 1749
1346 2238 2491
2022 1498 2438
2296 2327 1878
993 845 197
1917 1935 1085
2053 855 2314
1545 1032 5
2131 1246 201
1634 1912 1019
2285 245 896
1182 1543 2384
1879 725 922
2223 1164 546
1749 1634 304
1995 2077 540
2457 1476 2404
867 2202 517
1711 1782 2305
181 1241 846
266 1375 267
2164 1284 889
893 2317 2152
823 1370 2258
551 1208 2359
238 1091 106
2090 1213 490
1942 1111 16
974 1252 270
674 1644 1577
1771 636 2170
179 2413 845
2390 945 2464
523 1905 978
250 2126 44
536 2108 1186
1337 2290 2404
1201 97 2328
450 1322 2022
2397 1188 38
655 382 2438
2204 2416 1109
79 86 1889
1760 973 1366
2369 600 2095
1684 209 2375
1848 974 2293
1539 885 485
76 888 1994
1289 1481 1819
1274 1573 2375
1829 422 575
144 87 304
773 269 1316
2340 1054 2024
746 1293 720
115 1171 1983
2091 1607 880
712 665 297
871 1053 2470
2385 1880 2460
379 1190 1775
1591 1039 1740
1441 1710 954
1535 985 965
975 739 2265
2336 1434 1388
1421 1420 833
1347 1770 2456
977 1483 1701
1125 1209 1933
833 1575 708
2017 1424 572
363 249 1219
1542 590 805
2430 281 1868
559 1935 2333
650 2002 727
507 2033 504
117 1294 585
2070 2083 515
2098 1532 1688
1296 1996 51
50 755 1121
895 497 1403
13 461 2398
2408 236 464
706 797 2070
188 2310 861
986 37 1055
778 544 2148
2075 760 490
512 1440 899
252 1861 1466
1982 2447 298
710 792 1729
1948 760 999
280 1393 1529
48 123 253
1920 363 2322
807 937 1037
1511 1559 1558
2084 1068 1340
1238 579 2207
1483 1179 354
1176 333 821
1798 2389 1748
442 1214 1336
1157 1343 334
281 1569 657
1108 929 99
802 895 2373
1187 769 1772
692 11 1209
2333 961 1823
1420 747 440
1461 1254 1372
1780 211 1963
1397 2198 2298
1234 988 1502
2269 507 929
692 2152 143
1245 610 2487
1031 77 1349
335 730 1310
3 1341 309
2236 2454 2159
1625 1618 1335
151 1436 1940
920 1526 1274
2462 1614 1083
984 2193 1290
1116 1238 70
1865 758 452
1725 2251 1618
1096 2290 2486
1250 1832 2146
1847 1790 2476
2473 176 751
35 1712 1354
219 1036 1802
1065 56 1684
2425 1192 2296
1729 1553 648
1031 1067 2186
1605 2350 2313
907 703 1613
2000 2330 627
2396 2141 1249
1762 1497 2303
531 1416 1164
1230 2241 2479
1751 858 1993
2115 1502 1511
1143 2451 2189
2162 1734 1453
681 876 1877
362 46 184
70 523 2437
123 153 1975
402 355 267
1717 148 2347
1319 1153 1523
1514 1447 1798
647 2222 219
1317 1171 1410
527 1822 1172
990 604 772
441 855 2188
25 362 1834
1701 1629 520
1891 1531 1672
1308 1057 1688
1210 1612 2283
849 1525 1621
1903 294 2003
706 1313 1563
1783 864 2011
48 1714 2014
2066 1752 922
1229 507 814
1403 1525 1916
351 2006 1510
464 1169 249
954 2406 709
1340 481 337
2439 643 1303
2413 281 627
924 1106 290
51 51 1165
283 1294 2058
239 560 1106
847 1845 336
1934 1541 929
398 1977 635
894 1620 1786
2425 1536 889
1513 2088 1154
2395 1753 2227
1300 2348 2321
110 2167 1076
2192 2063 1871
814 1258 1202
375 548 1173
2106 1514 166
752 1241 397
2089 2236 651
660 1724 272
439 1290 1051
2273 2342 400
1251 242 1318
573 918 1232
2372 996 2106
1207 1932 1266
2052 760 325
730 619 71
2430 644 1868
1056 1494 403
1902 1054 1807
2139 1726 2327
978 177 737
1849 362 1055
563 1546 508
1610 2079 476
2098 1951 1365
743 802 785
2483 1383 1660
187 525 1597
1711 1893 223
1280 1955 1132
547 620 2302
1043 1122 1163
735 601 2281
278 1757 1918
950 1021 2117
2102 2062 1146
31 1153 1918
2447 1947 2422
276 1309 2262
435 1415 1850
691 535 436
2067 2420 419
821 1059 718
1230 1583 87
245 2155 2384
2166 477 2020
1415 1342 916
2192 2175 1742
123 1083 118
1625 793 571
1738 308 108
1181 319 416
1572 480 635
2059 2177 1108
951 201 2317
1435 1347 2092
1161 128 187
1687 1607 1522
1327 1886 273
209 1093 1472
2084 1337 617
1542 1417 1241
1093 1907 233
1263 1762 1843
2493 740 1377
582 1282 620
1451 2476 1758
2368 921 276
1352 475 615
612 626 2221
1626 1368 645
693 637 121
546 2263 1358
64 2278 590
224 497 2368
1156 356 1688
80 2061 913
1297 154 309
2375 2325 2140
79 1157 62
2136 2112 227
553 2405 288
654 1053 54
559 2042 906
1746 2241 1907
243 589 1534
1605 1086 571
15 74 1992
3 854 1512
452 140 70
1649 329 1330
190 1376 1301
699 1547 451
942 278 1095
2493 1774 2401
1639 609 440
1952 1116 79
1543 1857 2468
393 2130 1061
1223 130 1900
380 1659 920
317 833 2369
512 2445 288
2301 204 769
2088 1407 1084
1502 1408 1508
202 645 1573
2224 1999 2124
420 2157 191
2174 613 1736
684 1651 905
755 2426 1879
1539 2407 2083
519 1172 1588
1630 2497 2166
1312 1923 1952
1083 745 2203
1984 654 18
308 169 1416
481 675 1985
19 50 2155
665 1165 1709
477 1278 1609
1607 2314 1130
2219 1231 2103
1918 538 2027
1362 1021 988
2184 238 1046
644 15 1447
2047 2477 294
122 1086 132
2393 44 1494
2241 1407 1231
159 1357 2147
620 1444 1998
655 1896 2493
489 1846 1490
96 2077 377
767 1577 1589
254 862 2129
622 1720 2474
1630 1203 93
518 2441 2428
2343 1273 1540
558 1287 688
807 512 2343
847 1836 882
124 644 1868
2481 2150 673
1390 1587 197
225 1095 2052
1298 1795 2403
1230 2322 1806
58 2489 2048
3 1392 331
2123 2200 393
425 2198 1687
697 1392 1055
1400 2053 1997
2438 1693 1533
2028 1095 2173
349 183 1763
1456 402 1265
1322 871 2452
2065 1755 1446
27 2110 2296
1296 177 1108
57 1763 1747
1957 2213 76
630 403 1473
130 2430 2348
281 1413 95
586 625 746
1986 700 1908
638 492 231
1871 31 184
1118 861 909
608 1354 507
1524 2291 1092
933 1243 602
1610 2408 716
1361 70 2417
1074 1342 2480
1530 1088 110
1924 2026 526
1540 769 2035
2228 2283 382
1379 1677 929
1873 1856 1562
2031 662 437
1427 752 1471
1112 290 1049
1226 804 808
1577 595 2365
1446 729 925
2403 1244 1789
1869 608 456
564 736 524
1736 900 38
1565 1559 40
519 2052 1202
1369 544 1903
507 865 196
1021 1006 1053
756 777 1483
2121 1504 1896
2423 434 889
1165 1463 2217
2339 1112 232
2060 974 1618
350 872 1095
1620 1607 759
759 1107 1462
553 1405 1491
1530 1603 1261
36 2441 1978
1245 2198 2478
157 169 195
120 1855 2086
202 2045 1467
895 444 324
624 1666 1383
384 1572 1516
1178 82 1502
552 1771 1017
1035 1841 942
1417 171 7
2280 1341 2444
909 1470 892
669 1539 998
1255 2473 993
143 76 1134
972 390 2350
1375 1669 2122
886 296 1425
944 1583 439
156 484 405
1938 1783 2254
2373 2077 1783
147 909 567
1696 2045 1260
1402 1655 63
2479 81 2139
1788 13 2347
1956 2361 1288
878 861 1191
2085 2210 1999
2081 1514 1663
800 2321 455
330 397 902
381 2072 193
1934 1421 1145
670 1035 1077
1313 1081 796
98 1907 2034
2013 1089 1590
1751 840 2096
1703 1432 1413
1428 1160 1849
1008 2001 1235
2021 2372 1373
1072 214 2094
1789 629 1986
284 1536 63
2004 740 866
961 2062 417
688 701 2006
2195 740 838
585 349 2487
2367 828 1123
2109 403 589
1841 1373 1181
2435 111 2224
2014 2299 2048
2341 1744 1890
251 2088 2261
808 1425 2062
1077 902 2002
584 2332 124
2456 2168 1090
1626 2167 1868
1923 9 1361
953 118 1644
295 1075 993
2156 2032 2399
1384 1351 1069
1713 1295 1743
2253 637 777
727 1034 445
397 1086 786
7 1616 1201
627 1677 393
1085 2215 2011
488 190 1147
126 1810 2088
2348 2205 1154
1463 25 1973
2043 282 159
1372 2006 1831
1677 923 1728
193 1844 930
2323 2360 1115
602 2002 1560
1568 400 2043
1422 443 450
2452 1544 2376
868 679 2190
2273 1348 54
1505 845 2144
108 383 608
526 2383 343
1822 2266 966
1420 1617 1484
1405 604 1612
1279 2237 2040
2062 2134 1690
2387 2440 2119
1650 507 285
2298 1411 1903
1937 952 1798
847 665 342
1609 1901 897
2186 1019 2249
2395 1179 1540
328 230 2425
620 1556 2460
943 1834 670
2294 2082 980
2428 2422 496
910 702 305
634 1505 730
2199 1666 2485
2134 1239 2427
49 63 1551
2480 1137 1229
515 1769 1399
222 692 1655
1181 2147 930
2190 2456 2318
2335 1429 1918
741 1538 1644
724 626 921
263 1349 1945
634 1444 262
340 839 2200
686 1560 1522
2307 697 2174
2155 839 1567
1444 1327 1806
1983 1815 995
1003 1338 91
902 1833 1164
2141 923 668
275 522 2435
1734 1837 1869
1513 1434 942
1451 1518 2453
270 1057 1537
999 887 920
610 2136 914
1873 786 1893
1792 739 149
2406 1173 2457
1060 924 141
377 399 1180
1511 1781 711
1687 1711 2451
471 2460 1020
95 1923 1154
767 1604 431
2481 1977 730
1365 552 2206
1561 2251 894
1702 1841 803
500 888 1504
485 307 1223
206 912 1775
1051 1099 65
1222 1022 2019
2209 1324 848
2451 1128 2025
512 733 2463
2103 2302 1683
2351 1281 1157
1295 245 681
2399 1100 656
1958 63 603
172 991 278
270 706 1439
957 676 850
478 2103 811
1958 105 2333
1196 2458 972
795 1119 1820
1589 81 442
2270 970 1123
2469 2063 1614
2000 2018 1088
324 38 874
520 1762 1453
1192 2184 1888
1455 1527 1942
1112 1861 1074
2274 2056 1656
53 1528 496
608 1437 2080
2328 70 1913
531 426 121
2000 437 77
925 2186 279
907 2261 973
1113 2036 2159
1843 1575 1827
1387 1078 407
255 434 102
1517 1298 846
230 1290 10
1929 1637 1412
1331 747 922
1738 748 618
913 1059 2470
761 1284 2085
1649 216 2134
2487 2200 390
1494 1494 670
1429 614 533
123 23 307
1289 2231 1755
1504 993 160
2028 241 1885
343 1801 711
345 2162 1768
1131 970 2166
1165 1303 1351
1460 1020 153
2190 206 1414
2313 1819 1019
500 1786 1041
1959 2333 849
259 145 1504
1664 889 104
1407 2168 1553
1823 1984 619
898 2348 524
1602 770 2012
2018 202 18
2205 1774 92
36 126 1551
1990 660 392
222 675 1139
363 1930 492
1295 31 2169
284 637 2113
750 412 882
1363 408 238
24 1130 2032
791 361 1287
1848 1846 1843
914 2118 2100
295 255 508
1384 589 1480
899 79 1263
1314 360 1725
2463 152 2062
1686 1994 161
1654 865 392
1172 2158 2465
1923 812 2020
1053 98 289
724 1116 434
458 1563 319
1721 2081 682
2072 1533 2468
468 903 857
1824 1824 1716
1653 947 362
2286 1874 1866
1104 777 186
352 1734 1691
2107 2241 1631
1814 1675 1437
504 2304 1867
1072 445 896
1180 1944 799
830 867 1446
1052 825 1841
2396 2230 10
1651 1113 1447
1538 1815 996
379 2173 1638
608 2438 2286
945 2406 501
1022 2084 1985
1977 2357 1854
431 947 1729
257 692 442
2098 683 1668
120 1225 623
1096 1235 2446
1494 344 1669
1760 1709 2376
1922 922 1711
1240 747 2371
875 1513 2003
2486 312 2392
990 1289 242
1344 866 2205
1074 2445 1501
2500 1422 2172
868 974 1513
1681 366 745
1726 1390 2463
176 1872 2363
1181 1690 192
1174 1378 648
2141 513 2029
1080 1010 30
2016 1411 1782
2376 2106 660
856 2064 2118
349 1758 332
1953 37 883
2352 1919 2274
813 1705 262
1214 1506 2080
1347 1788 2231
2237 1738 2101
2176 1051 2062
2463 1414 93
905 1171 2203
1352 235 440
682 122 190
1003 1793 1822
2453 1058 1553
877 281 2357
434 1029 325
2134 1619 468
760 75 102
1247 20 1702
2144 770 404
1660 739 2451
1792 358 1568
1063 666 1151
1794 2289 1446
634 2467 771
1991 1778 1315
155 1111 191
1641 156 767
107 121 657
1084 1290 975
1016 2172 1695
656 1207 1304
1298 571 2195
1680 224 1649
263 913 652
2223 1291 2202
2228 750 404
1651 823 1205
1664 13 2014
1732 893 1821
1145 546 1211
487 571 112
529 2166 1736
173 1584 328
358 1893 688
4 1606 2080
793 737 1438
1485 1953 2043
2174 2098 167
1938 1785 912
1935 1224 2008
1259 239 1194
1690 2024 1220
1183 1226 1625
454 2 2359
2239 622 11
2249 1927 1371
1424 1323 767
973 2047 2407
1629 1569 1823
560 893 878
921 973 1657
1183 1167 673
2435 1199 1267
122 625 2356
2075 2263 825
227 2404 2178
1447 1925 1640
948 2044 101
1290 1069 521
997 461 1448
804 224 1664
2363 620 912
256 2337 181
1486 1060 1554
2371 1292 1714
2481 582 1510
521 1543 643
2265 1791 1327
978 1042 1565
421 1536 1809
2127 1487 1492
2014 2169 1851
2068 287 134
1129 2267 484
1033 2264 178
234 383 387
1088 2150 107
741 169 1234
1535 163 1661
1123 2345 1342
768 1906 2409
102 1081 1731
215 670 530
598 241 960
676 1467 1315
1985 466 1703
26 2029 639
1870 1829 1799
1204 1449 790
2301 718 42
2189 525 2158
139 176 1190
1336 1450 1549
571 1160 969
1239 192 561
552 1973 1028
1933 926 1383
1107 2032 1070
971 1773 34
1688 1063 2042
393 127 2330
1886 9 1597
537 329 486
1859 1303 1892
1631 202 384
1295 2364 1495
429 1052 1925
368 1491 792
2238 2260 2202
990 1056 50
1787 640 453
1302 1191 1491
1403 141 1626
240 1274 239
1715 15 244
2368 182 1729
2160 175 1011
1478 358 737
97 676 1664
1052 914 884
1198 597 1764
1224 1626 853
2026 2156 1286
1615 895 332
873 2050 212
1879 637 1744
1871 637 505
557 986 1743
2195 2284 1269
250 1014 2142
1310 663 775
1115 277 1654
2079 1473 537
1278 739 87
1283 2 2129
315 1133 1962
2027 2429 513
1546 2472 1494
1449 940 774
403 2115 440
1613 1684 544
340 169 894
2358 1447 673
941 1560 759
93 634 1742
2489 428 176
1155 573 930
1417 1684 203
1766 1724 1711
123 2282 836
956 166 2306
2100 2412 740
350 489 1832
2037 1296 1898
311 1390 554
835 2031 1021
2291 204 1905
1828 2276 2492
230 1520 1336
303 201 1698
440 1752 2446
1696 2365 2000
1090 1011 2089
