5000 5000
1549 1615 905
1464 274 1798
195 534 1001
268 2339 1914
2248 1674 1381
2059 1449 2483
1237 596 948
843 1956 2461
1567 1883 2339
2147 2293 1573
418 2096 1940
1715 530 1772
966 250 2197
1854 1368 1511
2005 1564 1866
606 87 1543
2432 295 363
1086 540 198
1882 144 2193
2127 1129 1944
1965 1370 2058
271 2314 2029
1964 596 799
1048 161 86
2082 295 989
2268 2062 236
1634 1596 2017
1250 2199 1248
1730 1784 343
1357 2402 263
1084 817 1977
1639 1905 1003
464 764 779
1617 402 1731
2157 2274 575
107 272 1793
465 1402 820
962 1286 1820
1291 1122 2370
1819 1827 2337
40 1195 520
1974 2276 530
535 2268 1223
2128 281 1979
1278 1993 1256
195 2384 2443
2477 1896 2052
999 258 2062
524 1501 1105
469 2137 1463
1578 752 1442
1046 1953 895
651 63 1072
2083 674 1362
2121 802 1774
1678 2181 1259
438 116 2429
1520 2217 1632
1343 1592 1824
1017 336 2212
1080 1247 681
1519 2219 1735
291 1512 37
406 2468 1841
1114 2258 418
877 909 2243
413 998 2202
1911 2172 284
1432 311 789
2345 2474 181
1030 2334 1863
1863 789 2411
1438 1231 1876
2169 734 595
1948 251 816
2352 2030 2242
2248 611 1204
2192 1145 162
638 2328 2270
1670 1385 1933
2275 1302 459
1911 1518 607
2085 2085 1901
1237 260 999
628 142 2304
2124 117 2460
1624 894 2266
272 1435 1276
2448 497 939
1472 487 1979
1186 1606 1757
935 355 2318
958 257 2286
1996 974 1740
1151 1543 507
366 2411 1810
2244 1675 2402
543 330 182
729 1757 2031
2263 900 2490
1645 453 1829
2398 2454 1709
1563 1377 191
673 478 647
1153 1283 1405
65 513 32
1405 2070 253
877 949 321
109 1436 2031
968 355 1135
2206 1885 1452
398 242 951
373 1745 2149
316 2119 1114
1247 721 287
1872 1147 1274
1912 329 1746
1191 420 918
1541 1889 928
1729 1373 820
1331 282 2052
873 739 564
2177 2006 30
430 2120 387
1969 1043 1977
1638 1162 1567
1082 1888 57
2044 1970 2301
485 1998 2359
285 2002 1430
527 1588 2348
155 1288 1597
2408 1332 640
97 2445 954
346 1530 635
2010 1422 1467
769 2247 2414
289 968 629
620 2168 1940
33 1058 587
2335 1360 2387
1364 607 1471
142 459 24
987 527 623
2358 2018 1210
652 1113 499
1336 1116 681
1227 254 1072
753 1714 75
2332 49 1981
180 1294 1892
900 2369 807
695 991 1593
1035 42 1932
1189 1839 484
1072 235 575
1219 2392 1006
1274 667 2402
1889 1085 116
22 275 2438
2053 583 1470
368 2199 137
2196 1206 47
1718 2016 367
190 1781 1367
62 2091 1607
110 1673 2205
926 1612 1004
1455 196 1004
838 184 454
464 3 386
91 1117 2491
669 800 1119
2168 1540 2435
985 505 2155
228 2065 1159
891 413 735
181 1907 2048
1551 2479 545
521 1801 334
2141 336 1637
310 2326 537
2196 1058 1547
2235 2264 89
2036 480 1196
1369 1966 1907
594 174 1571
1032 919 2118
1787 1079 305
151 2226 2325
2079 774 89
1605 1684 1781
784 230 2236
1394 2268 967
1748 544 2142
2458 612 669
998 850 2326
1396 621 2000
2169 2448 2397
462 434 2105
1194 1108 1841
576 2219 588
1236 679 481
1230 965 305
2287 926 994
1115 1486 1927
1553 2311 496
1475 448 246
1251 934 1864
74 217 322
790 734 1697
348 552 1584
335 1562 1219
1070 2387 1376
22 1853 2016
669 290 250
1167 85 546
1888 1857 2335
1656 1990 1600
1693 669 349
750 442 2230
30 1462 79
2046 428 878
658 1682 124
903 75 2449
991 685 628
159 1249 505
554 1575 1188
1808 1920 1262
187 418 879
73 1164 966
2448 2 1061
1930 604 2384
126 400 888
165 2089 2483
2468 1523 2163
1674 1703 1961
693 862 762
9 2035 1697
1335 1855 1265
1071 1689 1545
757 1655 655
2107 752 1323
1475 1814 176
564 1250 288
307 1290 1689
2171 1290 1659
1894 374 813
2055 2211 644
2400 1026 1088
67 1752 2269
1045 1257 429
1694 1804 1824
1090 1351 281
2456 2082 387
1531 985 453
1753 234 711
958 1538 831
600 1150 141
1326 1023 1453
1101 1359 350
1204 415 1128
1759 1896 390
1974 1057 2155
2424 1177 1157
1249 1791 2493
1943 537 748
764 1487 762
1245 1620 1155
2071 202 1644
2024 894 1655
2440 468 2316
1406 694 33
1830 1642 1902
487 1622 1479
1275 1708 2315
1791 1279 1730
2398 217 559
2428 1242 1099
662 873 1532
1288 2204 34
1080 2022 2061
1214 371 2125
2251 803 353
1938 281 299
489 2222 1224
2022 1141 1999
406 1433 476
2263 1624 1177
392 1312 74
137 595 662
271 346 1327
1360 1828 1961
931 734 783
171 118 407
150 2071 102
1287 493 2489
1036 2193 1798
154 1542 1027
486 97 1893
457 1883 1874
633 165 2176
2387 711 2000
1214 2125 458
2092 1142 636
1887 1833 1696
609 1648 2342
2294 2166 1524
1984 2321 1122
934 2164 1970
664 2216 923
2481 2340 862
2271 2286 822
1704 1128 2416
2414 476 2336
347 471 1460
2271 2281 1309
2103 58 79
536 841 845
913 2330 1859
1747 1407 1306
953 1299 128
796 1111 1796
1719 1481 1265
1038 1473 1872
335 1085 282
1564 834 1739
2150 139 1590
287 1398 750
2180 1409 1989
577 2341 667
642 173 2190
2232 1065 365
979 988 1856
626 600 1112
2338 1827 2474
1925 59 2467
1189 2084 686
1583 312 691
1989 932 2177
616 804 462
1224 781 2304
2290 2017 1734
1115 1449 1473
2367 387 409
77 1668 848
411 1679 2195
813 2237 169
520 2200 431
990 159 1422
566 1981 1053
1550 175 477
2412 316 1609
168 989 774
1266 407 890
715 479 1545
89 272 546
1565 1027 1448
508 185 1348
1133 2323 271
1045 302 1884
1900 2444 1765
654 1885 144
2112 78 611
732 191 1542
1923 1605 590
2348 1081 1111
1514 1770 581
714 186 188
2031 2060 1052
1675 1585 2198
2188 1026 1224
357 2216 1690
292 2342 348
761 1816 2365
2157 644 2237
2452 241 2260
907 2399 1571
841 2271 604
465 584 991
2445 726 2420
2223 1249 2482
1028 962 2226
228 362 1423
775 2296 1416
897 1380 1082
1894 1210 663
1675 366 1046
2207 1455 1141
1252 509 2275
149 1607 2440
1282 377 1255
32 1831 2131
1321 608 1356
287 575 1789
684 1757 1707
2157 1844 254
964 2227 177
1743 1935 102
203 1078 2233
2494 1136 2030
2302 1856 744
1350 1685 1120
2396 1279 1461
1190 2265 404
1609 203 1780
882 350 390
1149 459 2002
2095 1559 642
1197 1616 326
107 2261 1585
1563 1613 758
1114 2071 1968
1256 1637 2380
577 2283 1482
2491 477 987
1782 393 2341
1065 2471 636
762 2161 1200
1156 780 971
2319 976 477
2477 2366 1629
608 1635 2211
575 2450 1108
1608 248 525
1363 1915 1255
773 527 1566
2322 1894 617
369 1863 527
348 1759 2062
505 1578 188
1425 802 825
81 2159 1259
497 1108 1237
500 2209 611
1755 1873 509
1024 451 157
363 874 2176
2197 1954 2380
464 1657 308
447 924 125
1052 815 617
2435 1140 2031
1007 1432 159
28 1203 443
1329 1982 2384
1986 241 1414
1067 37 185
2192 65 2316
2232 499 299
2340 1651 2192
620 1639 614
2394 2150 59
35 1250 1291
1925 2406 1859
243 1386 611
2486 1956 176
1045 1381 1494
872 840 2042
130 1557 59
1274 1846 1071
1271 1187 88
1679 1257 474
1725 1423 1981
2216 185 2462
438 2385 25
1213 2272 675
1282 226 1579
2045 335 663
692 453 2014
598 1297 1652
731 1929 1931
2048 1794 1338
639 764 234
315 1813 942
338 2497 1956
1958 2150 888
1862 1101 1672
535 268 1114
243 753 1234
1921 1942 2324
485 434 1958
529 1753 1965
1441 1169 2359
2063 477 823
171 2202 694
844 1119 1316
310 1956 10
2265 769 1479
2219 256 2113
1004 1794 1153
1316 1822 842
47 216 2270
1379 1086 760
817 53 288
365 617 21
1954 1512 519
1281 830 632
1701 206 1435
2170 106 971
2404 695 1323
1481 691 1421
289 879 2004
832 896 2334
1291 300 205
727 1236 2484
132 2203 194
734 2271 2248
1181 1661 1027
1489 2393 804
352 91 1419
869 731 1073
469 494 1657
13 1255 511
1425 987 448
1861 642 1166
1034 1052 887
1113 648 909
456 575 1250
1556 862 757
129 2102 1399
2070 1030 2182
1016 387 220
1569 1808 1610
2029 885 1691
29 717 2213
87 2109 961
1207 220 983
775 2082 1630
2247 1483 355
675 257 887
518 559 320
2293 1872 1473
301 157 167
481 1299 1735
1213 2338 1196
2418 250 1725
452 2434 1691
198 1415 2033
1052 2068 2221
707 810 771
297 2414 1007
1109 806 1656
1244 805 2335
493 1168 155
871 403 148
552 392 697
34 2412 90
1680 1961 44
36 2139 152
2167 1406 2086
785 1998 1265
1186 2351 1690
614 194 1795
185 328 1653
2375 1717 1341
2367 1289 1077
800 894 2486
1664 2170 67
561 1228 115
2244 778 2036
1192 1961 1753
740 1419 2145
1797 1976 1343
105 2195 1618
1166 841 425
2004 722 386
304 2230 672
600 1520 169
977 1870 1219
1021 1 559
2021 974 893
1750 1431 1961
84 2304 2386
2485 806 2135
1229 436 126
1733 479 460
412 2096 317
362 1920 372
2055 1605 273
912 2311 272
833 1268 2307
423 2343 2481
825 921 1155
1825 1480 930
1234 745 1818
2483 2047 1753
1204 327 1848
2177 2120 2365
1213 584 2275
770 579 1420
1837 137 1877
44 587 1282
767 579 1925
1428 1904 174
1121 2256 1344
467 1818 2198
344 1822 2024
424 143 986
331 978 1111
2282 2466 2152
1834 257 2444
36 496 757
1775 1390 883
330 842 352
2135 556 713
509 1851 171
1974 1548 761
2083 925 2035
1856 1517 2252
2466 1741 266
87 2199 2429
1878 2234 221
1343 1861 2381
485 1914 84
1064 383 2269
2393 2397 2233
2111 1914 1892
1578 188 1174
2394 1159 788
1311 630 898
1047 1375 1919
1739 513 328
894 1530 2440
211 1907 2479
1457 2157 733
1967 837 1082
1813 112 717
47 1387 328
16 2025 1170
157 1695 555
1773 912 82
106 280 1057
388 346 519
804 2152 1706
860 1528 1878
397 693 1899
1413 1585 900
2290 764 1569
120 493 16
989 1337 1631
1254 354 201
942 504 1032
1740 408 1122
1194 654 473
1391 1253 1305
389 2016 1547
843 2028 404
2287 150 280
2025 1133 2428
1994 575 944
2159 1581 392
858 2327 2219
988 1940 897
1148 212 586
152 760 1935
1937 309 1785
2113 251 1816
745 2362 69
765 604 2438
946 2300 567
1846 1036 2241
1433 1769 366
1669 1293 1613
1563 366 2101
2371 54 1112
422 403 1126
1958 144 1655
445 350 1219
2098 1623 254
2173 506 868
1099 551 129
1586 455 1555
1954 1800 1941
1524 2276 687
2297 1297 747
17 1984 1548
1980 204 1134
2018 2377 2001
1596 231 62
1290 1928 2299
87 375 114
1522 1283 1955
2153 2004 1485
1445 1243 785
1208 1338 1596
1653 1283 2484
1090 1535 1950
1499 737 660
1652 1886 2080
577 1534 722
312 1300 71
71 19 1388
2249 522 992
2255 662 2169
49 1077 1188
1229 2233 27
274 2371 1680
1571 430 1090
2395 1805 1338
2434 1279 367
356 2291 734
589 796 1608
1636 1661 2293
1327 1927 935
674 282 1264
1877 1406 120
878 741 1285
2434 2194 384
1367 2095 1836
2266 556 573
2480 1030 211
2342 2325 1829
1277 614 165
1312 1568 468
638 1154 231
1633 2434 1251
828 1249 1306
1989 130 306
2374 295 783
560 275 1877
1822 1393 2466
2012 661 1234
2432 580 270
1994 759 948
518 39 1348
1438 966 2215
732 612 1259
1837 27 1667
226 991 190
1902 832 1796
2170 1624 1875
2326 2127 1086
1029 328 1951
1813 2491 1064
1173 960 2168
819 2077 681
2495 928 748
1592 393 84
2047 2394 808
2341 245 1361
1219 2389 1034
2139 2214 388
1712 2119 1788
199 578 463
372 761 807
510 171 111
1317 1065 117
1484 1980 1934
684 974 1706
902 1527 2080
2263 140 1712
637 1183 1007
2470 1037 2183
1455 732 2418
1240 135 1762
1364 1760 1582
1232 1496 1620
843 1140 498
1062 2442 736
702 573 876
1723 841 639
1258 222 298
387 526 56
2055 870 1533
1213 2326 661
2360 2047 767
716 12 1872
2486 1065 1025
2032 1175 1491
2459 1215 1705
8 718 2214
1299 1925 274
458 2206 2477
2386 307 555
762 623 1930
2238 832 2339
2480 2029 1800
1621 2280 1874
1998 1282 475
873 1986 1089
1095 2432 1369
714 575 2070
2273 1097 697
864 94 2181
1544 2353 1210
271 1951 201
1029 238 2122
759 1285 816
2116 2188 2015
1178 1941 499
1371 1842 2486
797 604 332
752 854 797
874 631 1778
1325 512 1
56 1776 2052
1149 534 262
95 179 221
59 77 236
2444 31 2244
1994 1926 2349
424 69 461
837 1258 1487
943 475 108
1681 2251 835
2335 1694 1935
1860 1666 1732
1490 2137 916
1344 1068 1428
149 1762 128
665 197 1228
1797 578 1149
1062 2127 2287
2062 2445 783
2444 2355 1683
500 1314 2075
1789 613 547
2027 1774 634
193 901 1257
1766 1124 2342
1181 2031 391
659 2224 2194
1319 2177 1597
1908 686 763
241 1197 1705
1951 801 1279
1674 1097 1671
1806 1832 172
1365 1246 68
658 2044 679
1720 1307 49
858 916 673
696 2285 1724
1132 2098 469
786 2334 460
574 1229 1027
1974 847 2160
2393 2495 1115
1293 691 2268
571 151 1945
237 1565 1242
221 274 845
210 2013 2378
1602 1910 1984
1568 2219 77
1126 671 223
805 834 1811
1418 1024 1434
1549 2057 230
1678 532 2380
73 1520 1905
238 1588 2036
2352 258 2014
813 1446 2306
1055 2043 1607
2249 137 948
2379 1042 425
2081 1460 1973
261 372 362
176 1820 2087
800 1685 521
501 1789 147
42 1585 1065
779 1638 705
2048 1432 1030
1887 1930 199
748 578 1044
2066 1977 126
137 1974 414
746 2467 1695
1104 1412 301
2486 972 2235
1067 676 1319
931 115 623
129 1212 1505
831 888 2128
2278 1953 516
2130 1621 1387
2210 2078 440
884 312 1045
2267 2198 1064
1911 1613 1723
1381 1231 403
2465 1513 711
732 2024 1789
2018 2162 792
1749 2500 773
1847 1572 728
490 1066 303
1588 2286 874
286 1972 1708
614 1312 2190
378 1688 228
2155 2198 115
2356 2420 1997
647 1990 2279
2258 944 2451
2457 375 992
1521 665 485
2193 2333 665
1149 1429 1452
1120 1430 497
1863 1163 2322
2054 74 1648
268 1794 259
529 838 1178
362 584 2293
1264 1214 309
2339 1228 2034
377 1460 1257
2272 1595 890
209 443 259
720 551 1864
1539 1550 65
1970 249 163
2310 760 93
1983 2069 1260
1888 1457 1603
1134 196 802
1655 818 495
2425 144 449
2188 2168 1391
661 614 1673
1768 902 533
2205 413 1934
1198 1657 305
2288 16 768
987 1405 1652
904 2472 2457
1501 222 1556
1046 853 1109
302 171 1609
2243 663 1027
1092 2035 1101
161 13 1272
555 872 1107
683 350 439
1696 407 1334
221 1234 746
1185 110 1932
384 2297 2197
1448 2488 813
2091 1820 182
2165 1783 1221
1784 2064 737
1570 1359 661
2098 2371 435
1301 211 110
1870 789 394
2156 319 441
2162 46 1134
1404 309 941
2441 1424 998
24 1716 1540
1367 1558 1814
1559 1675 117
366 439 782
712 576 452
1717 541 1508
478 1721 2370
391 601 23
2377 982 456
1636 208 1597
1174 1886 328
1563 712 2041
746 571 822
846 1922 1811
549 349 2089
2178 1940 7
2076 1537 798
1426 2310 1218
2347 1094 1571
689 1995 1483
2004 1800 2274
1828 1583 570
805 2110 147
2361 1762 1302
208 1271 657
2202 1133 555
507 1775 1600
1183 397 537
1794 1763 985
1846 323 1642
54 688 1570
2089 1790 608
1205 218 1189
326 72 1268
1106 1275 361
936 1431 2075
398 503 513
1315 1823 819
2384 1652 2048
693 1954 1170
367 841 2402
1313 39 2445
1896 2130 1892
1736 769 2294
1246 85 719
326 9 52
521 1203 1110
490 1969 377
972 892 877
337 1540 383
1042 401 989
49 582 1752
1747 2361 1854
433 210 2244
1372 1607 35
762 100 958
353 735 1044
2091 1955 698
1963 616 593
2426 1261 691
1121 2441 1670
452 2299 2182
346 1167 2185
754 2131 1718
463 1446 1601
639 808 2262
1069 334 367
897 671 503
500 819 206
10 582 1255
90 621 589
150 1623 2174
452 2471 685
1939 1306 2492
2220 2114 285
2374 1840 1991
1799 2262 844
497 396 1323
770 769 1770
1686 1808 2255
1582 2121 1003
991 1927 764
2028 827 1632
1709 134 528
1193 2198 2007
2080 386 371
658 633 1215
89 1270 371
1028 378 1196
1212 2497 870
1710 691 1786
1515 831 2005
1539 1302 1411
2042 1138 1307
407 1670 897
920 1802 2276
262 1155 633
1475 925 2355
309 1313 914
1985 833 407
1270 700 2478
522 1269 2335
135 1619 2223
1898 668 591
1504 261 2495
816 1672 1169
1439 772 1680
1770 860 980
195 1349 1981
2315 57 416
21 1023 1943
1899 1565 1856
2064 2284 982
1794 2288 216
1035 1192 1874
360 884 2230
1136 2440 1175
2499 26 1068
1648 1154 793
1815 1773 1486
1222 313 92
1420 1499 1917
2022 2246 323
2152 2217 272
1418 126 1127
1162 1432 2041
1521 1225 1878
670 1663 2022
1958 1281 1776
480 628 1944
1689 1890 219
1849 1673 1024
2343 457 1518
1327 2497 33
875 852 965
2439 2190 0
126 47 1615
1854 419 741
80 1631 1420
200 1842 748
1996 2195 2173
1956 1201 576
1313 813 823
628 353 912
543 692 229
795 20 1930
562 1340 1508
179 147 916
1214 2046 2304
412 1208 427
1104 41 205
1939 771 1763
1851 2367 2091
1981 1012 20
1681 751 15
652 610 1190
1015 2096 475
1690 1932 1109
1788 1804 1839
384 1311 444
1870 477 369
1907 1201 2014
2345 1307 417
925 833 2005
328 466 763
1925 2038 2297
787 1127 2150
1380 256 5
1548 1612 215
1636 137 1054
175 671 43
1619 1424 1199
1079 248 195
192 196 273
842 1931 1418
2438 1018 952
999 606 776
1219 2256 1676
2114 1871 269
1253 895 553
1076 309 1825
1634 166 233
2253 1574 673
634 1703 448
1027 2317 1660
1530 1133 1445
435 1000 1856
1381 1858 355
862 1889 2348
489 1892 2205
2197 2251 1056
1579 2113 2086
480 1343 135
2417 1972 1386
382 1790 573
24 1347 1627
681 1169 2395
608 396 514
1769 696 896
351 170 1234
960 1993 72
1654 1195 2287
1956 432 1755
1968 1093 1121
2132 483 1063
247 70 667
2156 809 1014
260 147 501
412 2002 2273
929 519 1069
125 1909 2064
1191 417 2249
1718 1585 2155
1664 869 4
2364 2441 2235
2063 42 2304
754 423 127
1915 2 542
2302 779 1522
2388 1126 509
2035 853 1638
179 1418 731
1623 1050 611
299 1406 1489
194 962 2163
809 581 1716
2371 1861 203
2479 295 1076
2170 1640 2331
1693 1430 1056
40 2183 1906
2121 1509 334
215 1905 323
540 2005 464
196 1978 441
1134 761 2213
118 2049 1797
1906 1314 899
1156 484 1734
1287 1093 380
1617 1035 1988
2428 1336 2061
1610 2138 738
1281 1924 2270
2180 1633 215
600 641 2196
1599 1202 478
1795 1162 868
231 356 210
784 2107 2254
2272 1662 1110
132 1465 1542
1421 2095 1728
2440 583 1051
1027 1593 2138
1223 2492 1725
349 635 2401
790 479 2238
1924 1331 1975
301 1215 1188
1607 483 2477
2482 2270 1492
1933 84 1656
2021 1780 2483
1129 1013 482
1298 2059 1946
634 2398 2430
1258 1889 54
1619 585 2136
975 1082 1060
1897 1934 2477
2151 146 1925
719 1381 2307
362 2046 1680
1242 962 1304
1758 444 1271
1778 205 1161
1257 74 1738
237 1593 1547
461 778 2441
1123 808 971
1764 1943 1602
2105 1251 157
1361 1584 489
1454 2359 2493
1939 1386 1486
1487 1913 574
1596 717 148
2476 341 1915
1246 396 787
1122 500 997
2487 1697 451
1079 207 1744
1841 630 1106
1406 1839 952
1252 799 1119
1910 1233 688
2376 1660 671
246 2034 2456
124 1592 1145
453 636 1838
1788 952 454
252 1048 1212
975 1169 2240
1911 129 733
2050 802 302
739 1114 1720
110 1662 2313
1175 1227 1894
511 348 276
1447 1722 144
1794 2003 617
951 1385 2353
358 2320 1443
1491 401 385
1237 1737 2296
912 954 303
174 257 74
1973 216 1160
1494 2124 1368
37 2313 1893
2396 406 2269
512 1227 2316
1980 2217 1491
1792 79 27
1888 2227 383
570 2028 641
541 1583 967
461 928 180
1058 1657 915
281 23 703
535 2106 613
1521 1809 1390
1931 1933 97
247 319 1209
2288 423 2206
151 1083 2391
1952 1300 882
552 544 857
7 1113 342
1044 916 557
1262 642 402
479 2373 1014
1822 791 1499
232 1172 1152
1703 2124 479
200 992 1921
1901 606 1045
1084 288 2008
1628 282 1064
1305 1851 701
1860 2298 41
382 2194 1137
2404 326 187
450 862 2397
673 869 1836
2188 504 709
769 1669 42
854 2103 131
1753 1687 270
1615 2142 1068
608 674 550
186 1258 1534
1207 252 1495
803 1545 2263
286 265 216
1032 2413 1797
413 1742 1230
987 30 1753
1399 548 1455
2101 1533 22
2098 1953 720
905 827 1281
1630 1797 1931
207 1202 217
2172 496 2466
613 976 49
848 520 2492
663 1464 345
1948 1455 719
1569 600 1969
1274 2283 154
1189 1271 539
398 22 576
1096 113 1325
1842 1587 372
1724 544 2138
210 603 1668
2060 2218 1677
418 759 1494
1572 1193 1628
1815 1331 1051
2133 1404 1093
894 1183 1767
1182 1921 979
878 1273 1731
1518 116 435
1487 7 2498
1071 1872 356
543 2432 2243
737 1707 2188
1901 1366 1155
1079 1582 464
450 1922 696
554 342 2446
1831 1045 877
1123 1041 1870
609 1510 2173
1737 815 1334
249 252 1342
2353 477 411
1684 434 204
549 2463 2269
1178 434 269
419 1138 1341
1753 584 1416
1155 950 985
118 899 1999
1627 2437 2117
378 290 561
1744 1020 1802
761 463 359
2162 296 1151
488 544 338
969 1958 99
888 932 352
991 1454 2258
1157 1961 894
1540 1161 626
1196 1525 337
18 1446 2066
2397 497 1698
1839 2297 1161
2105 1849 1696
1913 1981 2095
1377 2453 2425
599 2213 915
2302 1118 481
1874 1327 889
1924 728 47
1603 1621 2411
1466 1839 1992
976 751 1300
365 1317 785
1478 2048 6
1129 1643 536
943 722 1314
2329 777 2025
1999 2460 1775
120 780 2075
1722 2229 2090
1253 83 491
2387 1079 942
781 1707 1730
1912 857 2267
900 589 2457
971 1263 299
810 1249 186
271 319 515
1715 33 1728
175 617 782
1632 769 1347
1847 2457 663
2100 979 1816
1162 237 1513
299 1442 127
2499 584 2009
679 1258 2448
228 1489 306
37 604 2430
156 2206 2240
1778 746 1286
944 2115 804
1504 2151 1981
711 1030 1369
1464 2191 382
1126 56 2246
2207 2248 1794
1523 1966 2231
1629 860 391
1460 188 469
804 2063 2436
1774 1632 2003
1325 1057 834
147 1358 1217
217 2080 2407
496 925 2098
974 930 1735
221 460 1775
1949 1505 2217
2254 542 330
362 20 598
1652 287 859
503 1156 2348
649 1936 1207
571 2392 1354
806 2106 944
2448 2366 1078
6 462 1989
2301 2239 219
868 1586 218
289 1090 884
2357 164 207
626 1200 369
1884 1661 1400
2273 294 1431
271 814 1414
705 105 2331
2339 1627 1065
1785 243 1592
1581 1454 901
26 97 273
2065 857 1208
2106 1124 1270
550 883 2460
795 1640 357
294 1958 2464
2335 830 395
212 686 822
1734 571 1791
153 172 2482
767 1349 1247
334 2134 706
1894 146 2294
2171 1504 1796
1540 530 1620
905 1018 528
2100 20 2080
1495 2274 285
1386 150 277
337 978 742
207 1118 1832
832 1251 1750
1567 22 701
1414 2395 1113
61 195 1787
1243 1874 2215
2023 2261 1052
1306 627 1405
1955 618 2108
473 624 1775
2453 822 1695
656 141 710
2419 2024 1707
1040 140 491
298 2383 1336
1358 704 20
1586 648 229
1145 2239 1784
1154 2169 922
172 1042 2434
2038 1985 1501
472 508 2485
870 1777 1651
217 862 79
56 2415 228
1780 2271 1028
2269 1430 1656
1946 1017 42
500 113 1788
881 750 2218
126 605 1034
96 290 899
2040 1770 1284
940 1529 1983
1437 342 1460
918 2165 350
1471 2070 2067
269 819 871
2480 1016 2401
2235 2286 485
1335 482 2339
2234 83 926
1401 567 577
641 1661 338
113 878 1006
1999 424 449
1829 1072 983
438 1416 1904
100 1214 2030
1024 732 1750
22 1968 162
946 1459 456
1607 1379 1530
2006 2220 1710
1036 1561 890
538 1824 1567
844 24 1238
802 121 1976
701 290 1659
724 116 951
993 2393 2048
2115 68 53
516 1154 1481
963 77 282
2160 2387 1715
56 2367 2
725 1387 1951
2081 1217 1362
2111 2401 500
2405 239 108
1442 1407 1346
482 593 495
1680 1301 39
2100 338 2074
1035 1563 163
779 2053 1517
1440 2398 2246
1290 1350 317
285 1002 1649
535 792 772
1153 161 710
2102 765 2199
2239 797 1513
1620 2387 244
2196 1734 557
11 1347 1222
1919 553 28
2242 67 2462
1165 216 1294
643 685 2310
1676 1004 2291
1812 2211 516
827 1388 711
1439 904 1967
385 1996 1106
2283 2239 634
1913 2354 1163
891 742 374
1009 1653 2421
699 130 132
1801 1304 154
256 2167 542
2415 253 624
1940 2182 2191
2007 2032 392
633 2050 1494
2289 1749 2354
970 1997 2042
867 1329 775
1387 701 2208
1395 1262 107
1164 662 202
1814 593 150
2365 731 940
433 882 2072
237 341 1935
1959 1728 783
2207 2342 930
1310 1380 1943
1436 503 1988
179 1428 759
749 2160 686
255 1897 927
2400 1998 2065
617 1788 886
591 1453 1502
1395 840 1724
439 772 1136
785 2334 579
1435 1729 2422
431 135 2076
993 2162 1720
963 1560 120
854 1510 148
781 1528 2031
1772 1403 759
816 1750 215
1435 1486 479
2385 1799 504
698 1545 2247
2390 1149 1236
2225 1282 848
1064 2020 966
41 1384 1970
599 1807 104
71 2390 36
221 1380 1160
1390 317 2239
812 1815 689
2437 1372 1623
2444 2483 356
1536 496 1550
192 1143 662
1381 1378 13
556 2417 1652
2035 153 1206
1580 863 2215
204 1360 1561
388 2010 482
284 2392 2388
1320 1415 2038
486 1005 941
386 1418 1834
1499 744 1478
78 1024 513
927 429 1768
1291 906 959
1110 1670 1072
554 2420 973
887 508 795
2341 1543 1931
104 925 1795
1410 1308 773
667 1809 318
2066 952 1924
1655 1836 1265
239 182 992
1525 333 542
1277 1142 1549
326 611 663
76 1451 2026
46 1322 1457
2395 882 2336
1926 934 1986
1561 1 1168
575 234 1683
2456 280 266
914 1456 379
2496 1044 107
605 1180 926
1610 374 118
405 375 2430
1975 1306 1037
2389 2078 239
257 587 2334
1139 644 312
501 217 2472
1363 300 1112
1909 948 384
2323 2149 2429
653 589 2042
1716 776 707
892 2474 406
875 6 2381
87 794 307
506 1017 1094
2087 2082 248
1997 1388 459
2415 1950 2367
2147 1985 1747
1534 1218 471
2413 1035 2012
867 790 63
771 2059 946
1178 1373 2274
995 2033 803
25 994 2344
214 421 1082
1855 1825 1780
787 864 1555
2208 1804 1509
1284 2026 486
1183 1343 1461
1162 985 466
2117 798 1954
2299 1555 350
1526 2152 2408
1191 2342 189
1146 2234 402
513 1446 1512
2203 1722 1373
2050 534 805
1727 693 1676
1928 2319 480
1370 1048 1926
892 1062 2270
1984 1793 2297
2194 787 2492
1218 245 2317
2491 1234 2118
254 1500 1441
2097 101 197
1913 1278 1879
2336 1933 2407
168 1762 1611
2005 1864 727
681 2332 2397
330 1998 451
1338 271 1654
2192 2266 2086
946 590 2151
2093 471 1028
428 1081 1122
1691 118 1252
402 875 416
1651 1778 1406
1939 1571 1824
1454 572 815
892 1481 611
818 154 1130
1261 67 246
354 1176 1417
1381 1875 321
131 540 2114
1369 2288 1299
605 496 605
1791 649 930
2349 742 2270
462 767 1954
879 250 1957
1422 19 1576
2138 560 1962
1905 303 326
2346 538 160
428 960 1685
969 2397 1018
1992 299 976
1111 1536 2062
736 2142 1032
1060 2287 2301
2436 527 1213
15 1162 61
2407 1501 2316
2356 1746 2130
2201 1090 183
171 1695 2105
2435 1004 473
1669 1603 1066
1473 426 81
829 1670 1649
1347 2480 2212
1537 1340 1203
963 2052 1213
595 209 1382
1327 333 1722
1215 1906 1188
1126 2283 1471
2108 733 1075
2267 1052 1585
600 1139 1749
2249 412 1029
1404 2487 2052
2341 362 2066
101 2341 1671
1159 487 525
484 1448 666
49 2362 1243
738 87 2317
1754 263 2270
2376 288 566
11 805 822
279 653 2403
1704 114 281
1932 868 2384
480 2487 1913
1453 1602 267
671 8 698
2264 2214 1787
357 1543 1474
551 2294 2448
1574 1514 552
515 2453 2373
1371 2139 1177
250 300 1787
2396 1422 780
101 1518 93
1065 2366 2386
112 398 45
1755 205 149
1877 1819 880
1166 1999 2011
849 947 884
1368 1622 2294
7 62 457
754 243 655
352 41 824
1561 729 689
1069 2118 1219
302 940 149
2491 875 2343
2167 596 1848
1479 1816 2484
118 827 762
1857 1141 1238
46 273 772
39 2173 1648
2391 368 46
2147 1321 384
1009 2253 950
706 1078 1408
2154 1152 74
1369 2248 992
707 1607 2476
1149 589 993
1540 2416 1200
947 1074 64
1339 1484 2450
1903 2022 844
1759 755 229
1177 571 387
735 970 197
896 112 2240
112 2388 1788
382 1539 403
2443 103 1532
118 1450 1964
313 2209 64
2295 1184 2205
603 896 2378
278 1633 1336
2009 152 937
1659 1969 1924
1274 669 101
1833 1263 910
1773 529 2175
362 1049 1729
1509 1827 1494
1708 1733 208
2198 1123 2026
2054 1829 984
2292 1244 2493
2393 1372 202
449 730 1532
664 82 805
123 634 1214
1411 1845 2269
150 229 2175
772 2343 1529
1137 711 1257
1492 358 53
1981 1860 235
2227 2469 588
1988 1847 1876
693 68 1879
1753 1084 2463
2145 1160 1586
699 26 1065
2366 147 1987
382 1318 78
2375 1818 2259
2492 440 1287
2063 212 504
1208 2077 605
1294 1558 448
756 1359 1709
1010 758 80
1405 2078 1970
1864 935 205
2126 988 898
390 1803 896
1408 430 379
1679 1456 1377
1160 1905 654
1148 663 1760
274 27 1184
1479 1507 931
1987 69 552
524 89 1941
1522 1123 450
1183 729 1966
1001 2381 249
1019 1877 1505
211 620 1242
624 2428 1210
1154 2454 2337
1375 1207 1999
29 843 1783
1702 729 1518
1960 1264 1735
1806 562 806
1661 2008 1839
503 979 2375
117 1165 1025
919 103 469
501 990 622
2336 1396 868
1553 313 845
474 1108 828
2044 2384 149
1709 413 692
2412 1053 602
82 2203 1048
856 1159 1086
1377 1212 1934
1815 129 1281
224 1272 294
1033 2101 2458
1130 2186 98
715 2315 1166
1026 2022 1994
1266 873 2359
2067 1426 726
2440 476 1255
2333 880 1090
1534 1449 1660
1659 308 1730
590 570 1391
827 1148 2062
2404 1616 2221
1967 805 846
1577 996 2398
2388 1587 1065
26 424 803
328 2031 866
1385 532 1326
192 1924 1460
1279 1132 1157
42 916 1176
740 611 1481
1920 106 2113
1631 1933 1539
941 2357 1897
1564 705 598
324 854 1740
1868 611 2090
1624 940 315
1564 1079 1752
337 1162 143
2306 557 1613
2366 2113 954
1634 1853 622
1263 1640 649
1019 1113 2419
657 604 209
2293 1016 2126
1174 615 74
1744 909 739
165 2262 1567
1868 784 483
245 611 2004
1831 285 2194
710 1322 261
1039 2370 1198
522 1329 1035
993 130 1283
2268 1326 2470
2349 316 599
1000 1621 204
154 635 1848
859 2495 681
726 141 346
1206 2259 512
2479 2295 2065
2374 126 1194
1029 1784 1796
1468 740 2279
95 246 548
785 1464 750
541 619 212
827 818 501
546 2043 247
2474 1767 1087
92 1057 1899
396 1842 638
406 1741 2375
1006 1041 869
769 183 1480
1014 1581 604
743 573 316
1404 2160 2069
507 1114 1470
1905 113 1267
588 388 2344
1354 155 1770
1897 1734 1285
2318 1577 1094
2487 1126 2159
214 973 1858
1580 986 1136
8 474 1914
30 2058 1288
551 2076 1235
2018 260 705
846 756 2215
110 580 2223
62 1675 894
400 178 1997
2446 713 1733
873 951 331
1539 2175 266
2251 1654 832
1266 1368 430
415 1519 37
2210 687 1747
2350 2150 1855
629 56 420
877 1014 426
859 151 1719
907 1739 1460
1716 191 915
569 57 566
450 703 1766
1244 1391 853
591 1574 280
1445 698 2013
2176 2320 174
1304 245 95
6 1638 1484
2070 564 1166
2055 2138 636
1331 1521 383
2192 364 1051
371 159 40
3 1046 1005
1885 791 1336
1089 768 1278
1386 1676 1362
1792 182 239
1789 2432 894
2198 2187 2399
1902 812 1765
2222 411 1442
2225 287 1562
117 1459 2118
2378 2256 1258
1335 1135 2135
1384 244 516
2210 2080 2449
2142 2420 1233
2276 796 2072
813 2376 489
74 376 381
1476 2289 1750
843 1580 101
530 1836 2027
202 1173 966
692 1111 267
1035 1937 830
2012 2258 1091
1051 1465 1085
2215 335 613
1653 1478 2336
569 129 2426
839 735 562
1397 1888 1860
486 703 1210
2034 563 47
807 1685 1880
1110 1285 1159
1589 114 400
987 209 1092
743 1913 316
1370 2339 1889
1558 647 674
2400 1894 863
809 1188 2105
380 304 1510
1112 1930 370
2153 36 2298
1198 1540 165
1895 1107 1674
203 207 53
1688 556 512
342 1713 993
50 1276 1958
2357 37 2219
1266 556 1295
2147 959 1488
647 1219 2120
1447 1070 662
1300 1402 744
1808 762 2365
2267 1180 894
2407 246 2164
2479 1566 2010
319 1362 148
1048 590 986
356 1982 867
1202 175 420
1335 1572 816
689 1453 868
2480 1695 1976
771 26 2086
1682 2237 775
453 2473 1954
2320 2267 1644
1471 320 976
394 1830 316
235 289 1485
1273 416 1502
1334 1877 1262
2235 1860 1772
1626 1382 2078
2210 2487 1335
70 981 1742
669 1297 1340
21 1304 2118
1006 1811 2183
568 243 1344
1146 1347 1251
2149 577 2306
1781 1155 1386
352 2003 2064
1099 680 1938
2012 1615 239
649 1608 266
1693 709 267
6 389 235
1860 1805 2354
1393 191 309
956 1195 1804
671 1019 2245
1977 1470 845
1497 1709 2497
96 1018 516
855 840 48
2155 2314 1915
971 1527 2107
1771 1179 677
1424 1914 1284
2133 420 2464
554 2461 8
1783 704 1629
2467 637 687
1882 19 2239
448 1918 2393
327 2086 672
1667 2137 1405
1096 235 1503
1806 1163 732
35 1209 780
231 2282 899
97 2099 1763
791 1304 774
2381 431 1072
1902 1587 9
76 968 480
2252 1098 709
2058 589 1496
89 1026 504
2125 769 109
1926 1081 421
966 1427 2323
1505 1258 696
1197 6 1524
1372 2428 1419
171 209 682
718 465 906
237 694 1702
792 2360 111
1231 790 1244
75 1147 1903
1436 1412 295
1428 2189 308
571 1571 1751
391 1959 2341
1198 448 1420
762 187 1019
194 1312 1809
340 1993 11
1283 942 1711
1007 1412 1299
2179 1923 1583
478 2075 327
2113 1963 640
1819 1 2410
1735 1254 322
1358 301 420
1061 1879 6
1555 1966 2497
1639 1322 1626
1836 2078 2129
356 1610 622
938 2010 2130
1229 180 1383
690 504 310
1713 2438 920
2146 2148 131
883 1439 1525
1770 260 113
1713 2300 1940
181 836 2017
2312 274 488
2487 1222 2452
1186 2295 2442
370 16 481
1754 460 140
2279 1049 643
1368 530 2077
7 1122 2294
1936 2334 1191
1155 72 2126
1802 412 182
1367 1365 727
2033 168 1904
1542 1871 416
2108 2474 1311
1093 906 169
57 810 385
1839 619 1620
641 299 1574
1902 1526 1051
215 645 1493
2059 2152 2014
2427 919 1208
302 241 431
2347 497 1405
2274 1726 855
1797 1293 392
1522 458 2206
1605 1973 1380
2021 867 167
2124 2054 728
965 2400 2231
1110 921 0
1727 279 2306
490 407 676
2325 2115 1558
837 1863 462
482 963 1259
1011 53 1895
1767 691 369
1721 64 882
2473 1763 2061
745 643 1941
1878 1124 1306
273 1884 1024
1125 914 1043
18 363 1839
2460 1784 1751
2360 1677 861
2109 292 2177
199 226 1998
641 77 1737
1783 1681 1576
613 986 1316
1399 2217 1403
1473 714 622
252 1658 1085
1965 1036 1960
165 1341 1636
2013 736 641
121 1426 1239
1093 1827 313
1071 1802 2117
1513 440 971
1284 1058 2140
1988 405 1724
2203 1938 630
1507 948 225
2272 1998 266
2362 90 835
1735 1268 2265
906 2270 1683
2476 918 1215
386 2205 1753
1380 1941 96
266 1544 1747
362 96 1391
2201 743 824
2071 2328 266
1852 841 2389
1220 167 1868
359 1282 1030
2454 930 1947
553 1711 1846
1518 2138 9
935 1152 185
2429 416 1951
759 510 1050
671 2216 143
702 2065 618
1333 928 1425
1829 1583 2361
1466 1498 1737
1119 251 1548
1408 2285 2376
587 2449 1759
2095 518 34
730 941 574
2483 2278 2249
870 1968 1372
262 867 10
1893 2418 2261
904 53 777
177 1375 2000
765 2281 1043
2378 487 1263
1347 964 597
497 2273 444
1409 983 1830
1595 1534 2115
251 1455 582
1125 659 1137
2044 1326 2299
1711 1733 1984
840 532 1917
2262 1812 89
1313 380 1823
1470 2251 2004
891 928 302
2356 811 1375
737 1421 1572
282 1589 1696
1065 1715 2123
688 392 1721
160 2046 913
311 809 344
1481 1975 1477
2334 1629 1169
366 2063 844
1537 2138 1340
965 1739 1830
1834 2456 1305
2156 1893 2300
828 1731 174
2442 2246 2248
755 663 1872
1254 808 246
361 2144 262
158 1874 1969
538 1215 2468
2274 309 1581
1407 493 1269
2298 529 1499
1452 1224 101
840 1708 2071
1515 2042 950
392 195 746
1018 1252 373
580 1856 2198
2276 555 1904
1223 2253 879
1117 1282 1305
2110 300 2138
233 1941 176
1461 638 1684
78 1381 266
1368 545 1195
193 2077 2425
1193 735 1362
486 1986 1328
1290 1035 2245
2420 1501 1882
1389 2339 499
2321 178 253
589 585 1885
1195 448 202
1029 884 446
97 464 411
632 2159 2483
943 2197 1037
805 1879 1083
2362 66 68
496 1459 2027
1780 1494 624
12 2030 685
2160 2434 1429
1985 1868 2383
712 1552 2477
1322 1897 2356
2151 2195 521
1606 2402 453
921 1595 1512
1116 890 2058
941 2387 1606
2317 1110 2133
1743 561 397
2297 981 641
2453 956 705
542 1287 424
64 1624 6
1471 627 172
1932 1270 678
2354 170 434
1089 481 2163
2135 476 2471
2029 1696 1649
1342 70 662
1370 517 1964
2370 127 603
1849 483 2286
1998 2427 2179
2391 2113 1250
2348 2037 401
1675 1546 2431
867 972 1955
1976 2137 2279
949 98 2267
1893 1055 1338
1347 563 2189
1010 1057 213
714 120 999
1956 61 544
1700 472 1320
1055 1772 686
1518 268 918
1652 839 1095
1718 2349 117
428 176 334
222 1035 119
971 115 1194
1009 1989 321
305 922 1040
1501 369 1029
911 1339 2449
1647 46 901
2446 1711 278
2027 60 2293
1622 1288 2332
2446 1632 942
540 291 1065
959 1866 168
1209 601 464
205 2243 2028
438 77 670
2060 1179 1699
2388 1363 921
1592 1936 1531
725 1963 797
1190 801 2082
219 1533 1343
1733 1088 1978
240 1098 933
828 1233 1520
465 2098 2379
1849 1608 1419
1332 585 1036
204 2440 2020
2391 1916 1644
738 1516 1186
1600 1927 69
2326 174 1321
1364 80 798
1386 217 773
1572 1774 733
1758 1146 2489
1247 920 1441
624 1141 1379
288 74 1685
1493 809 2352
230 600 1329
882 871 1414
134 150 2361
1781 2155 41
2065 68 1227
1516 975 1260
2476 453 1938
779 1716 862
714 1785 569
359 864 2098
876 2271 758
69 2402 182
1559 451 1268
480 2439 1017
932 366 1276
797 808 1597
1447 238 2393
26 1737 2018
62 99 663
2404 2455 865
453 1612 1439
669 2080 946
2230 1706 2049
2306 1080 1295
2026 1398 1280
1469 626 1057
1137 513 2271
974 534 841
188 1685 254
539 1507 1904
875 1903 1447
1137 1024 619
1259 959 103
78 1544 921
965 1341 2204
1113 1472 588
119 546 1404
2253 1728 2371
2289 124 570
595 1337 1101
1339 1104 1600
1839 1887 1124
821 766 2217
983 2327 577
2417 1264 1740
255 652 1333
40 2298 242
2159 1837 1745
173 1277 1127
650 2443 2295
1987 478 1160
441 1224 2427
486 2253 954
98 1780 774
1487 1316 1592
1535 1714 2170
1163 2336 1327
2233 1289 2345
476 142 587
1673 1072 824
1799 2445 2037
741 1858 267
1858 2478 513
1204 1512 404
2116 788 1285
445 1722 966
1083 444 2422
1521 2494 1131
1197 833 1131
1572 1609 1637
1928 1887 1178
1894 1310 962
2146 869 1169
1885 953 1490
1727 1912 2234
317 194 1997
2451 374 1184
2095 2464 1740
1985 2321 216
1631 1516 312
920 2232 1820
2358 1859 564
1235 1949 353
1859 422 634
27 1613 2489
1250 1824 1590
467 81 1380
755 1384 1662
178 224 1049
2174 1832 960
985 694 2115
1867 1694 1896
799 1386 999
916 220 285
855 1562 1939
1576 1931 96
910 1233 2442
1612 670 2187
2120 1605 1845
1331 1789 461
1511 2407 1099
926 926 592
1535 253 2268
1314 411 2080
559 882 603
564 2434 211
576 1308 1099
1013 2284 1617
907 784 1590
2368 1114 1822
2043 1501 181
33 888 1237
1162 1409 1114
233 1272 43
248 608 325
226 2312 1384
927 2103 376
1412 192 1817
1658 738 1968
888 1637 2316
1980 645 239
969 570 885
763 33 1258
1396 1562 1964
1493 1867 1652
1616 585 2310
2408 368 1143
2314 2479 1684
20 2497 570
1886 1698 376
1790 102 548
1853 889 1326
2123 1115 556
939 2296 313
1480 1987 1189
1289 1799 1170
507 276 661
2161 19 2471
694 2387 1109
1237 2340 1086
184 942 495
2237 1347 1674
989 1194 2247
594 2078 1038
417 105 1105
1076 1823 1602
937 116 1641
938 1891 1776
1230 507 264
169 565 1412
548 239 1019
2493 907 527
712 475 1129
1974 404 2229
2027 2158 2185
320 697 1156
1340 1888 2318
152 679 1948
222 1555 1671
2315 1401 1469
1098 540 2353
1292 1276 976
579 475 100
1497 486 431
1719 213 1041
1762 1266 1884
1564 1996 1429
237 607 793
1617 1172 1530
176 551 2331
418 1144 36
1248 500 1260
35 900 1500
1502 1641 427
993 1169 1140
1984 2219 2334
1669 1445 306
903 306 249
2365 1697 1362
1844 1351 876
261 1552 1364
1009 894 1102
980 555 1824
502 2364 20
2022 2078 2372
1332 1316 1272
37 329 44
2491 2387 1060
2384 1589 1365
777 1700 1342
2429 36 1934
1185 2485 2110
693 2078 633
1837 992 1570
2020 1169 553
1390 1235 1705
1870 97 1172
1380 424 927
747 477 825
409 816 833
21 1712 835
2056 995 1766
1396 1944 412
1257 1594 1699
2294 1155 492
2260 1714 737
1149 142 1199
1713 2020 2056
1904 1807 1916
213 335 893
837 478 288
118 1508 1708
1035 1840 172
2483 367 134
2299 1267 35
558 529 2097
26 1878 2301
832 1449 426
329 1979 1233
821 508 2219
1789 1019 975
1467 2419 1158
1857 1366 204
674 599 1346
963 387 953
2246 2016 2147
725 692 448
1451 2417 2266
1233 1070 1600
876 559 572
2417 770 2338
2001 2483 29
856 1066 122
1965 129 2142
1088 1982 244
538 151 1687
2224 1305 441
2475 18 1279
518 1848 2387
232 240 992
1580 561 550
419 910 1355
1237 1116 464
1193 641 1508
1152 2342 2258
171 1909 1794
2205 10 1172
2143 2430 1404
1149 2055 927
1477 1560 2258
2287 1300 1135
943 2203 1889
2108 132 618
2137 1237 330
761 1390 126
1901 1423 2248
1466 2000 781
2155 910 2338
2118 115 839
126 1044 1711
1083 578 1791
1935 1729 736
2157 698 2051
2349 143 1184
493 1925 620
784 159 1971
265 483 2047
2154 2091 1961
1630 859 1093
442 1775 1246
2052 668 2030
2096 1445 2257
157 1402 1275
184 1149 1089
1760 1366 682
1257 1728 1724
832 2242 732
1327 2447 2120
1398 333 866
2144 1443 678
1710 813 445
1792 2263 1734
570 1119 1381
2279 742 2048
476 489 1593
1963 1897 1572
827 1596 210
893 644 725
1298 1971 1506
1219 1854 1934
1631 1378 247
1882 788 1096
584 1240 1766
1305 233 1850
248 70 659
393 479 1203
1808 505 489
1109 641 173
512 575 1817
1889 798 1966
1282 2001 1519
1754 679 1616
1167 1001 74
2307 749 2052
1365 1014 66
2121 294 1955
880 2085 463
291 1635 262
416 2328 2267
496 413 934
1970 2231 383
125 1487 237
338 149 2479
677 1789 1221
651 2097 2339
547 1319 112
2454 1862 235
990 1075 864
397 991 1837
1356 567 519
790 1381 1700
6 1646 114
1043 1754 2208
1943 1980 433
1520 2281 2094
1333 1100 877
594 141 1219
785 2146 1569
1146 1545 2061
1715 981 2055
921 717 1539
2087 1583 863
727 1556 835
639 1658 1129
1903 660 1073
504 1842 1914
2138 2104 339
21 2437 453
647 1425 1083
1797 1659 2252
95 528 1841
2293 2172 2089
173 721 336
290 2295 478
1895 45 578
2319 990 2480
1314 2190 1127
1949 1327 1231
148 628 938
2094 1951 467
548 1995 741
829 736 962
1242 2334 2374
1338 1940 705
2411 811 476
1825 2150 1446
528 331 1653
2199 600 296
2331 580 169
2281 685 2103
1354 1079 362
1131 441 1085
2200 1398 457
1116 1152 1778
169 718 1716
1388 1410 310
1299 2208 461
431 1193 1471
911 1174 192
197 2056 491
1158 1441 55
305 828 756
718 2447 2486
2463 1663 1943
2490 1731 1716
1483 1107 141
1947 1779 482
1819 571 1916
1619 489 342
1751 353 2008
1592 569 1906
1250 1710 655
711 1246 1550
64 2311 1977
994 191 959
1712 2007 190
1907 2021 1325
1300 1288 2317
1595 235 382
1916 1504 1110
1255 1610 1058
1581 840 211
1784 894 1330
1832 1973 2370
65 2009 793
868 1439 1787
2433 593 1880
1125 2337 2448
20 1890 783
1544 1082 174
393 479 1644
2373 985 1128
1089 949 1388
830 2061 1574
2447 827 28
1553 490 1651
2066 672 882
2189 1511 804
1134 149 2102
992 1891 1345
1974 882 2339
971 2147 2497
1902 379 1643
1999 1271 991
820 397 2479
1685 1728 810
1587 1870 1817
1847 1776 2198
2407 615 992
1700 243 693
1866 137 762
1328 588 851
90 1332 2042
1453 2275 1642
256 1034 1351
243 2039 659
1312 1739 1516
1491 505 2437
194 227 871
75 1110 2359
1194 166 2457
2403 2100 1077
1223 1067 1905
756 1443 305
1356 2403 2068
483 2440 1962
1105 821 1613
705 66 1863
937 1637 1305
798 407 1877
2222 1249 2022
1139 626 1464
294 358 201
1655 2115 226
1312 888 1959
713 290 1294
2197 1215 125
456 698 298
1332 2281 1491
1940 222 2247
1439 729 984
113 363 938
567 1394 1337
2146 597 324
987 97 1903
913 1358 1968
1363 335 473
2004 1065 1374
512 107 337
1658 1642 1477
1516 2238 775
1026 906 631
2109 1979 250
1744 920 2310
1349 1974 1599
1003 2467 1631
1991 1084 1595
1330 1775 374
129 1954 2437
1395 2233 781
1371 701 1573
343 239 606
1093 1389 1767
275 608 1393
1112 1773 1012
1602 631 1431
448 338 2463
1862 2428 419
328 1286 1463
1049 50 1624
1741 390 955
874 1977 1268
1003 1296 275
1616 1620 1115
84 2500 1454
343 778 848
527 2475 2298
46 1340 2355
664 1425 1442
1970 1291 1312
1354 270 1207
1331 2301 1124
1816 2184 1477
133 600 1377
2248 1222 2319
175 1187 2086
1919 1564 1795
753 1516 348
1069 2343 198
1994 1003 2495
2277 1424 745
700 1146 1358
2027 657 645
1801 1226 2073
755 1747 45
2061 522 1376
933 10 848
172 2493 1300
2017 1340 1831
521 80 746
927 1074 314
812 620 792
1367 655 611
2011 2061 2084
2482 1848 352
343 1717 999
1849 1325 1015
1330 1615 271
254 1443 1992
1878 215 2053
224 2420 665
1446 343 2429
1998 2144 2074
1231 1596 305
1361 803 1674
849 1108 2231
257 466 1421
712 1195 2214
586 654 2229
1595 902 1858
2211 2126 1852
2123 1292 2192
1228 805 594
760 1386 833
1531 1012 2346
2482 2169 1948
2058 413 1730
712 1672 2324
642 1090 2027
2212 1662 2500
1884 1950 1285
1556 2146 2410
1102 528 878
929 1824 1646
1960 1055 293
164 79 1907
2001 2248 681
1455 2251 88
716 1179 728
2012 2329 225
336 271 2112
1579 2321 653
573 229 2246
1219 435 1324
2488 1780 1870
1139 1101 1908
1075 434 873
261 1546 2361
1974 2304 946
1547 1748 1832
1237 2422 328
1564 21 950
2349 1713 2021
2121 2434 1328
514 1843 1844
1814 1811 2216
2397 2455 616
2375 448 1237
1288 77 1378
1089 480 1528
1406 828 348
1632 1793 634
496 1827 352
704 727 91
159 1848 2469
529 854 1880
2315 1130 1761
2128 754 1116
2032 2424 2477
869 2015 1331
1931 1712 1597
697 1411 97
1172 371 1913
1187 2275 576
1785 282 1705
758 1934 1748
108 830 1531
785 1285 273
1466 557 1123
2486 35 939
168 2471 1136
2476 1428 666
1764 2233 2445
413 1694 328
1191 485 2414
1184 2220 2199
1019 660 1899
2203 12 2293
2106 426 2271
1377 683 1280
1232 1414 1241
36 724 1692
2164 641 868
327 704 1797
1189 809 1612
1800 2462 1230
1829 377 2274
878 981 751
1921 908 950
343 1431 1728
55 942 691
791 1458 2137
2286 1050 944
488 821 808
1788 138 259
688 772 2083
2132 1268 1748
2050 329 2348
989 475 2218
1999 80 1969
931 1364 1042
8 1466 1427
1767 1992 361
972 697 1022
1296 48 1853
2378 556 1574
2293 386 1232
1764 1532 2078
1248 783 2487
63 353 610
66 1276 1231
1255 1610 1253
915 1928 2235
1112 1567 164
435 312 2379
1486 905 2262
2152 603 1714
709 227 2297
1503 1212 1835
653 1023 1116
1776 1708 1745
307 2340 401
165 1160 1778
1687 731 1379
1727 891 1386
90 1256 1550
1438 2453 1642
1668 1554 508
1656 936 2011
2460 690 1929
1540 799 358
2095 2346 2006
217 1615 1539
910 1700 809
895 2266 1599
1645 1993 1306
464 777 2026
106 1631 1427
1986 1459 674
2337 2284 1688
2325 915 124
1628 2363 1004
1808 1109 1794
1452 8 665
864 1307 2204
1557 2294 1441
2052 1922 2414
2087 1837 1289
1959 861 1585
2198 367 534
2038 896 822
135 874 1419
1879 608 1186
925 1068 1710
1468 2038 162
44 2177 2393
56 874 1348
1038 2415 545
771 1108 2405
893 1671 45
1103 288 1558
1871 712 675
1750 1413 2346
1647 1834 2366
193 782 2335
1108 63 1327
1639 2483 954
1249 1598 1993
869 1430 2090
1533 332 2039
2416 1580 914
171 1981 1728
1028 1366 2391
1773 645 830
866 2211 616
786 2398 2373
611 1603 1686
1133 1771 2418
891 383 3
1831 2100 1334
1273 71 1480
564 461 1707
182 458 1522
582 439 186
699 975 1505
2288 2280 1863
1646 369 539
1409 2299 2221
496 279 61
201 502 1277
399 2414 2276
2266 952 1703
757 818 1128
1616 1240 1940
1880 30 1836
822 2261 1996
1846 209 1205
1047 157 2268
1176 240 1897
1710 1340 2159
345 1733 2130
2472 1654 1684
1805 1459 1887
1058 859 833
687 119 169
2128 504 206
2430 1883 1975
748 2452 1554
656 2320 2131
241 1756 2137
1908 1474 162
1978 526 1817
1407 2434 2205
970 397 102
146 2105 829
1824 702 1023
1243 2202 1866
2002 1838 1968
1160 1045 327
1552 1762 123
52 526 2310
46 189 1261
94 1095 334
2099 305 2333
1868 845 1909
2243 208 710
1045 230 713
1703 1772 1045
1552 880 1732
343 2354 677
219 123 2
1830 1629 704
1538 208 385
1255 713 1807
618 2401 2011
1279 813 628
285 66 2398
462 1246 1039
585 308 519
2470 1350 1480
504 2022 435
1808 1625 2043
2299 1308 2157
80 2070 1627
1031 1252 2362
1413 227 778
572 30 1523
1363 1226 1135
1951 1935 858
1355 2149 1047
1281 1253 938
300 1462 1311
1383 443 1181
874 421 1027
1287 1360 1289
1076 1450 1876
1926 1676 486
747 667 1876
596 656 114
1508 169 1122
271 1188 293
371 2188 132
334 664 1476
316 380 2374
2255 1665 34
161 514 484
1202 513 1201
1172 669 928
1427 703 807
2106 649 745
2415 2416 761
1724 548 1009
894 565 2162
1900 1141 468
875 1060 980
1410 1386 855
1164 2238 1360
221 1776 324
1490 2105 223
1613 1584 2297
535 1615 1248
584 1009 1746
2131 2085 535
737 919 717
305 1266 574
548 573 648
375 1365 2211
57 1651 610
2423 1181 1908
573 1057 737
1268 16 2415
2136 2220 1055
1584 1931 1830
1412 273 1973
285 2110 395
783 1856 1738
2077 1406 1696
151 1412 953
647 801 104
1834 1445 1017
568 1702 1460
493 1028 779
591 391 2331
1422 349 1582
1303 526 565
1873 1884 1160
1993 2239 1391
566 52 1304
446 1013 1915
1053 871 1100
397 953 2445
2393 2161 138
1480 670 487
2177 1602 2379
1337 1126 766
1971 2117 1974
1682 835 1926
301 98 2447
682 981 2280
1774 947 1392
1353 2179 2129
184 1635 1219
1038 655 1230
2315 1587 1132
1958 1050 1832
774 2385 1823
1034 1158 2436
1221 598 2221
2087 1022 2407
1937 1383 1348
2387 33 1116
654 1090 2146
1784 143 2191
1618 400 606
1055 2062 1966
1884 1871 227
477 1039 65
1496 1090 2256
285 1952 1121
138 2113 1234
406 603 305
670 1809 1488
1717 110 553
395 2187 114
1933 625 453
2301 1965 648
2338 400 2020
1634 1199 684
1035 202 1001
1697 1379 532
2192 2065 1812
1903 995 2414
182 2354 2299
921 1348 415
1462 1945 1164
1797 1356 341
213 1126 2109
1900 1606 1331
735 1488 1400
2293 1690 1308
1837 897 1133
178 1024 1440
135 1650 882
506 1444 1256
2039 514 163
2346 1052 970
1137 2241 43
1106 968 1809
634 2265 23
2253 848 1281
1463 676 1896
1236 236 1384
191 909 349
895 924 640
1266 633 1781
1951 903 260
1618 186 211
1341 2486 1660
1887 1191 1690
1150 1774 1663
1503 2023 597
1095 804 39
1817 152 223
224 959 210
2145 1842 2232
1911 960 2053
2140 1893 1577
554 2348 150
558 2145 1246
530 1454 2408
901 995 1720
1535 1832 593
420 1903 1271
714 1050 1414
1183 584 1781
828 2078 523
650 1408 337
2104 972 1141
2330 2455 1037
1188 649 1526
226 121 1726
111 1133 1432
2051 915 2450
1534 2055 684
1033 1740 1674
1921 2218 1485
360 2258 1739
1605 860 2211
960 2391 2488
1664 1707 164
48 650 2393
199 1074 926
1078 1095 336
992 1533 1617
1165 2495 56
1693 815 1655
911 107 1681
963 1088 527
1251 804 2054
654 1507 2464
1784 1505 165
237 520 1248
1312 1255 1671
1659 2463 1242
2090 936 1154
1906 2029 1098
599 402 2429
2079 1726 571
1784 1591 981
385 189 900
822 1216 2295
1906 625 166
1707 1545 1146
1951 1505 2028
1348 1040 1736
1691 2396 31
2053 43 220
1235 2267 731
1438 901 649
2469 960 2424
1350 1298 459
1283 2490 559
2428 993 1502
1717 1563 1202
641 424 2131
1447 2159 2189
1271 830 1217
371 1351 943
2455 1565 82
2065 1039 1359
21 117 1683
1886 741 2171
571 1240 2076
729 2293 2063
372 829 664
17 1104 517
1182 1720 283
794 2417 1958
2031 541 948
2438 778 1490
2497 2240 401
585 2198 2073
265 450 1534
177 2226 1100
1539 39 420
2172 1912 1063
2236 2256 711
622 2213 2292
2222 709 2231
2462 577 347
1369 2496 1095
867 2341 704
1488 1993 1222
1266 850 152
449 305 2380
469 133 2442
655 1587 1450
353 1081 215
100 304 974
1028 1666 870
1221 496 1049
1456 1401 734
2180 801 792
328 850 2357
1220 260 736
1509 2300 340
1181 1957 221
1101 1088 254
2457 431 1105
597 523 1124
1902 2196 1194
1915 1823 2326
2198 1672 1234
627 1731 1743
435 1831 1085
55 2322 784
2150 1822 1882
1087 2155 2408
637 1098 1832
1841 2420 1277
1168 2468 1739
985 662 1842
1985 1662 1033
2227 2492 1681
507 2278 1303
556 424 133
805 2002 2125
1437 2299 799
2241 1605 2074
1201 167 1662
2276 1085 2481
41 1138 1813
389 1132 2367
2093 1186 1475
845 2192 1206
585 365 571
382 416 1225
2414 341 348
1534 1898 1980
1543 1021 887
2185 2305 2233
1788 2274 119
485 200 759
1541 2145 1339
682 73 1156
1535 292 263
1071 447 1149
505 1099 1268
2470 2173 1779
1527 189 338
788 1934 1036
1043 1130 521
604 1991 1599
1362 306 1476
1778 1961 783
1885 1945 1083
2078 2055 1655
617 1662 2358
1541 1795 1836
630 1043 1131
833 2404 832
48 1986 1779
2387 1754 230
1463 489 1726
2144 1765 1505
611 1759 1817
1640 1457 479
786 1712 823
2329 164 1416
1379 1648 1358
352 1325 450
651 859 428
905 1371 1707
1554 1487 112
828 2217 1998
336 688 747
97 577 896
2167 86 30
1074 1675 2043
400 1515 1925
169 2398 1557
1701 787 1790
2200 2234 505
1020 614 16
2361 322 215
174 759 50
1168 1710 1294
353 1775 1709
305 1443 672
1594 1478 2307
1245 1264 1350
885 1807 1024
561 286 361
1318 1681 1586
1680 911 111
948 719 2166
2137 1443 617
631 2104 1374
1000 1096 673
349 1741 1845
1721 1171 244
1941 726 2439
2323 2357 1998
2374 836 2483
2357 1875 265
764 1293 1919
1523 1242 2230
1112 555 2489
212 419 2500
1708 356 689
1540 1534 1705
751 2342 471
2186 1788 1325
105 1608 77
467 2296 1414
2284 74 1213
623 912 1290
2375 2011 1894
2 136 365
16 1372 212
1601 2122 668
615 296 1128
1281 91 1743
524 1428 1005
1832 1458 1352
1730 1792 884
833 31 2111
2366 874 1757
292 239 1289
1952 787 682
907 1711 2078
1148 2268 812
571 1175 1688
200 814 418
223 2403 1370
30 1726 477
2322 2394 2307
2002 748 1507
2242 335 1036
473 83 1695
914 46 297
485 779 1683
493 797 180
2209 1202 216
894 927 1131
1414 700 1683
2259 2484 1433
2175 636 282
498 1855 95
213 554 1335
325 951 1426
664 1202 317
844 1796 885
719 1963 2372
1592 250 844
861 901 1831
1247 1499 297
1104 203 2231
2180 879 1841
920 1077 225
270 1747 1521
1895 2302 1659
1919 1463 1479
185 1235 1871
1010 855 1039
87 1925 905
2328 1479 676
2385 655 1187
2279 1993 2171
103 992 1740
700 1193 1992
243 1501 1231
1943 708 449
580 837 2205
385 1148 640
68 721 1537
972 1959 197
2021 695 1969
1757 1531 1719
753 357 1843
1411 1418 1946
2339 1882 2
1110 2353 13
1463 1742 1336
1117 889 503
2467 715 965
168 2085 1958
35 1456 2453
2221 1703 2001
398 2195 2471
1058 1399 2024
2257 1995 2377
1966 1125 1756
655 456 1122
2373 1619 169
1382 2081 879
23 799 1901
1402 2001 17
537 2388 1635
2305 1985 2229
212 1026 616
547 1054 891
158 2272 1649
1842 1463 2409
928 2400 1401
213 716 988
595 1522 867
63 1841 911
300 16 2430
1997 2382 1709
1453 1001 2425
2139 1989 236
405 1974 208
1398 2461 1774
218 1216 2292
2287 2048 927
573 1921 380
98 2336 5
1075 1005 900
1941 711 1542
1058 2465 1816
2057 356 1721
891 982 755
1399 109 1104
1512 1247 2120
1485 2481 792
1953 1272 2416
1022 1601 152
2213 968 158
974 1296 665
1984 1883 1593
68 1965 536
610 607 1351
1335 2045 1113
2457 1199 807
1643 1321 495
347 1722 414
169 2104 38
2164 72 1769
1765 1312 150
494 718 1164
1435 864 1324
2419 2253 196
1207 212 751
2413 1337 1812
1974 2490 323
748 864 1533
1850 1988 1573
2266 132 799
2069 1303 1726
1158 517 1213
1233 983 1985
1951 1321 648
204 740 1119
871 1004 1501
1041 2443 1373
1277 1015 1147
781 2158 2288
83 2353 1480
609 1824 962
340 1496 1027
2303 494 1272
459 395 258
1124 1582 1643
1696 370 1237
1647 733 2473
2210 131 1766
344 1857 738
571 2146 48
2100 155 1875
828 1129 1363
192 1699 893
479 2049 1411
1606 1634 878
1271 284 167
1090 1365 899
2217 1696 1991
142 1710 1833
2187 2142 1129
1538 1974 1092
1823 2322 1220
1320 1675 757
573 2231 940
1890 1248 368
1174 715 720
1253 641 327
777 1790 2340
483 1565 2259
400 1424 579
1654 1690 1876
34 2388 2376
170 1706 1549
1480 1624 2262
112 2317 1537
1147 340 2459
567 406 1415
430 1781 339
2378 1239 1924
116 2091 817
1902 509 1575
1817 88 913
2185 2335 291
2287 1010 538
267 841 1130
1574 1677 109
2463 838 84
2400 2385 1467
2016 1486 2149
2491 2379 1532
882 292 1515
1486 1537 2343
2381 461 1156
572 779 1041
1434 2096 1891
19 48 1613
76 446 246
126 767 1540
1684 1354 2277
1158 380 1462
1969 1391 160
1489 385 818
1969 366 215
891 1469 847
1027 1595 1864
866 1304 2427
1334 191 1677
2231 852 639
92 1047 1310
9 719 2390
1409 2266 1581
2414 2400 2228
1030 2182 1167
1659 1604 191
241 1272 620
865 247 47
750 428 924
176 1599 1893
1210 1442 1312
1815 1985 2218
1130 769 434
491 659 1773
1471 448 604
1722 22 1300
314 1718 2499
1346 1583 1589
1284 2135 1806
1278 1242 1511
1551 1409 1632
588 969 1434
1882 680 1177
1186 529 2437
2115 844 1558
1157 944 1953
501 92 1128
2283 558 1888
255 1802 1072
813 1557 634
1893 2348 1194
521 9 2363
2106 2198 2358
400 964 547
2264 1210 446
887 2246 27
1230 672 1633
824 2390 2098
1147 1900 949
849 283 761
1113 2422 927
611 2065 57
1766 2066 1318
264 2307 1530
438 1875 2385
1360 142 2105
53 358 852
1471 821 1747
913 1361 1952
444 1839 867
653 942 1828
1404 917 1891
599 1664 1248
1698 453 2035
1491 2117 2260
1961 2442 937
2445 2429 1273
2251 828 1255
779 934 2066
1612 408 1733
1490 2069 1785
1525 1881 2317
1080 1914 104
19 2339 2300
891 327 1682
2271 712 156
1522 2015 2169
632 380 1731
2032 2239 2057
1857 14 2418
384 2089 900
689 350 1424
200 2100 2125
1481 1852 342
1999 644 1765
2343 1640 261
2438 1623 2361
362 2381 989
2067 1939 542
701 569 44
1893 1978 1937
1207 2441 1305
1578 560 1196
1302 1741 1269
1456 1204 32
211 1028 271
1290 1207 1782
2315 538 767
1891 1694 1713
1355 1825 2417
10 2004 1397
398 145 356
1356 1026 1337
827 882 701
1287 2363 1951
1659 2123 749
98 214 2003
830 2487 1500
1139 1514 1065
325 1690 835
1218 2303 2472
724 2489 2489
995 1747 608
1027 57 131
1496 14 1604
390 1029 2402
958 770 1457
692 2176 4
381 1263 925
381 801 1675
1322 1378 1482
1039 2351 173
1148 273 2456
2405 2007 18
2006 378 528
1616 2248 1649
722 878 378
235 1372 1379
2123 1958 1769
2203 954 335
1257 2499 1124
1557 2015 1567
2387 1104 1121
2135 1725 1729
270 306 1019
1662 2070 1813
239 2062 1551
1335 2053 374
1323 218 605
2254 2069 769
592 1927 76
1150 862 92
634 979 388
479 2465 1699
1893 2016 2000
1936 2068 1119
891 1100 765
640 2382 576
211 1156 2114
726 902 1854
1578 1201 2344
1386 1501 717
1958 831 993
1579 2038 977
941 993 1346
120 1247 1052
2138 2142 599
2374 1041 1017
217 1763 1648
1535 74 1657
436 2112 780
1279 1274 1182
1256 1748 80
2450 234 1513
1050 356 1400
2465 1900 1061
1634 2129 1846
1558 831 492
456 1956 1738
799 2072 1709
534 1209 621
1186 1530 2108
537 324 2301
370 141 1248
2343 2009 1510
1526 1699 2237
2054 2242 2002
2380 1654 217
1686 1997 1856
77 529 1646
1970 632 1578
1711 2370 391
1599 2079 856
1499 220 1243
677 1191 683
571 611 1673
945 1663 2035
864 827 379
853 751 2340
575 2318 1868
286 1870 2159
958 631 197
235 919 131
1657 1333 1699
6 2156 2
1557 1342 1987
586 1999 1787
1237 1057 2306
681 1982 268
1200 492 2132
861 1188 1878
2037 1072 2397
839 401 773
1543 1466 819
845 1131 1246
1331 146 1521
2469 2399 1770
2423 160 357
517 1308 2341
1822 2144 1389
1822 1231 210
13 841 1053
965 116 858
685 2269 1438
1767 927 1911
1467 1804 655
2286 121 2168
964 2106 1339
738 1423 527
687 469 647
1516 690 1071
104 344 2423
63 866 1433
740 1177 1648
1396 1631 430
1310 1611 903
536 2252 2386
1747 687 162
335 1430 1484
183 2416 653
364 1479 469
855 1252 177
2407 406 2106
1727 2163 197
522 287 117
1244 193 2150
605 1391 1803
2115 1823 394
660 282 41
1584 1918 116
227 1567 1737
851 10 1212
1645 2332 1501
494 2213 1937
879 643 612
769 1083 2056
2466 1437 2153
1347 2076 940
2455 1253 1601
134 1202 1674
1773 1385 921
1343 1191 1690
1171 1562 1762
1818 250 157
1941 882 1214
202 2258 1971
1360 698 39
1210 110 179
2479 1108 1565
514 714 1877
551 860 101
1311 1762 291
461 1926 335
1447 721 1379
1913 958 1335
443 1862 1000
2240 1938 34
1677 891 517
620 1572 1517
191 1720 834
87 717 684
2273 1223 1120
619 1873 1209
20 1474 616
609 2413 1733
574 1799 1355
1570 1674 886
626 2396 1313
2068 303 961
2393 428 1370
1117 1956 655
2384 2331 1991
946 2045 402
1355 1996 521
1881 1127 2037
955 1964 777
2373 175 2457
1819 1288 2426
398 1882 1614
1220 739 1283
1177 1376 473
700 1853 663
967 925 877
1905 211 2159
1241 1560 1709
985 1414 539
996 1769 1493
683 1980 301
1323 1704 505
198 1425 282
643 655 336
2499 1450 2304
1912 962 993
372 1425 1025
570 2320 2035
1271 1443 1673
1644 1362 1991
540 810 1047
150 1984 1628
1698 390 1251
505 72 654
2136 1695 33
2375 1369 2024
912 1107 1725
1489 1139 1491
484 412 833
1623 1729 1154
263 1284 2245
261 1965 74
419 1129 77
1884 1875 819
902 2433 320
1080 448 1359
309 25 1726
806 1309 469
864 1978 167
1229 813 1156
363 2451 1280
444 1926 1040
2411 235 962
244 2012 1338
1740 1217 2221
1874 1847 2343
95 189 2240
1623 199 490
2423 1858 1307
447 2004 2026
1244 1803 804
984 414 1451
1917 946 2184
2145 201 186
1503 1816 666
697 755 1281
1801 623 60
2362 1832 1668
1644 123 172
2079 250 1533
2493 259 999
88 565 1286
536 1836 502
1875 1668 182
683 976 45
2019 1371 2100
1742 2265 2040
1543 2332 323
2152 479 1947
466 121 1918
2098 1880 2482
508 1777 1190
332 896 2007
2268 2290 1707
1985 1063 1724
580 565 935
1130 1252 1540
264 2405 40
2078 1016 595
2426 2041 150
2049 153 1238
1755 988 2260
1277 623 2304
1107 1083 132
500 2431 111
596 877 1312
874 1252 2345
1588 1793 827
2463 1060 645
309 494 2086
2437 926 2001
1298 1239 1475
1846 1649 560
1185 218 1750
1680 80 486
934 1091 864
446 469 754
2341 340 416
2157 2334 30
1829 1579 794
1973 1449 388
1795 52 1428
325 2028 1261
453 971 1545
1757 953 2187
152 223 1244
456 885 427
2385 1416 2276
236 503 886
713 2203 1807
593 1539 554
1590 2296 418
2459 2154 894
1597 1108 1831
2133 722 331
563 423 381
553 2317 112
1693 649 1647
1455 1646 2308
1182 2054 267
2014 2296 2040
1049 2166 1796
2271 1773 1744
1836 2314 2343
47 2414 2258
537 1160 1000
844 41 1636
217 1739 2425
1592 1655 1180
2218 2217 15
2223 646 1518
576 786 1535
2288 2465 544
1394 1951 1332
1078 403 2405
2126 2112 658
628 1198 105
77 1827 929
1071 69 797
1785 1125 1933
2431 928 2080
1803 1775 1936
560 2468 1797
2407 396 439
552 845 650
1606 2400 2132
1235 1369 1663
843 1571 2377
2308 108 1647
1912 1004 231
2398 1280 1334
739 2334 1267
2038 496 2296
1977 1200 2077
626 143 1807
1555 1423 495
1801 1946 2246
485 680 909
1256 1610 1115
762 81 860
2466 688 1616
1617 1675 403
2247 2461 1094
1595 861 2153
2117 1845 849
2311 981 2384
700 584 42
1718 577 1436
820 651 1080
855 1938 308
1239 162 1164
614 2331 1307
2054 1585 1370
1595 969 1107
1015 108 2232
1425 1273 1328
44 1350 2455
2318 1941 1546
436 511 948
579 707 2399
806 1868 1100
873 1587 1265
1703 459 424
2008 624 2461
936 1464 2261
1090 952 1250
605 226 1701
461 629 384
1351 393 1614
2048 1989 1980
1688 13 1100
2128 939 1891
458 1663 2397
571 157 374
895 1988 201
838 488 2334
1181 363 644
1273 462 1715
1081 680 821
373 1435 740
525 2437 2254
2165 1626 713
296 233 2478
82 720 2390
2181 1749 1935
2372 555 662
1270 834 2284
1217 1250 654
2272 1201 794
1296 6 504
1552 1117 198
543 91 1041
1250 1917 2045
447 1624 327
681 898 85
1331 1041 1439
2227 1448 2109
1716 211 141
278 2126 1314
965 2274 1539
1142 1963 883
1268 115 377
2260 803 1490
167 2137 194
851 280 2163
2480 75 1482
2061 2115 1422
1665 2466 2356
1508 1154 2220
2261 1066 1617
2151 203 1605
795 1957 1890
1360 122 810
1520 969 983
2006 261 1061
768 822 260
429 1988 1383
359 891 1083
1181 1616 99
377 1080 202
1458 2302 963
2241 1411 202
290 1798 1289
1147 1454 509
1421 1136 1971
1186 733 1165
653 1602 2318
6 970 4
2320 533 1545
14 72 1620
2139 1236 650
387 2008 1835
388 1085 5
2326 743 1149
331 1834 1687
1219 125 2161
1274 2416 618
539 77 1813
1570 481 1434
1808 1569 2320
288 74 1532
434 1354 1782
2155 692 1268
1175 534 427
2024 1111 2244
960 1279 1998
96 1943 853
928 1642 78
2076 1661 2007
1271 2184 2495
1147 2258 574
1295 943 967
1680 1733 1309
880 1673 363
2056 919 1724
479 1449 2323
1761 891 1320
627 882 1913
1519 2450 107
619 1149 2183
241 1745 1593
245 2064 1058
345 1360 2330
150 760 1727
1775 1245 603
1660 1908 2256
2378 2362 2335
952 1581 635
17 1353 8
1580 316 222
1906 1175 44
1675 2219 1183
2291 1234 2231
705 1701 1545
685 2055 1910
1000 521 342
1338 753 350
1428 102 1886
1920 1994 150
1494 1300 349
2481 618 272
1730 31 432
417 665 99
2113 983 402
2402 946 1495
1578 43 1476
1680 1060 857
999 1200 1599
2256 1075 1185
522 1925 355
1759 880 2429
88 2282 2439
2372 253 1582
2000 289 618
980 517 1084
2124 538 2004
1991 1688 1997
2154 1498 1301
2117 1439 317
254 2079 178
219 16 1650
2233 215 1591
249 2500 2434
1046 545 2217
2448 844 2139
1129 639 2137
1805 2034 139
1043 239 600
1008 1802 2237
1432 1760 1332
2292 2239 626
1 1228 1902
2161 2498 2331
880 415 2072
1015 2305 1053
2001 236 173
171 1837 1225
1263 581 307
923 980 1175
75 411 783
1358 373 865
1302 804 1931
2361 2164 512
11 1735 464
2445 598 1393
204 1249 473
2323 944 25
316 1929 1545
1458 719 1912
907 289 791
2380 947 1261
1573 1885 2316
1836 433 1900
1955 2131 1819
438 1441 635
145 2059 47
2464 63 501
51 2089 195
1462 1198 1049
337 1364 605
2328 1120 559
2045 1272 512
725 58 1067
1395 97 1156
1446 1697 1005
1546 1404 2241
509 745 61
1150 201 1157
1923 407 1268
2462 11 2152
1241 1424 279
2483 2098 918
1521 723 568
652 115 1213
660 2175 1067
1854 1566 2161
2078 263 949
2344 1252 2333
2352 1592 1621
606 799 2067
2374 1592 771
1468 1678 2369
1007 1141 2285
345 696 2277
1017 613 170
1077 190 588
1011 2234 2055
533 2280 1627
1082 1343 1754
1459 1785 1751
346 454 972
1170 1072 249
1709 1009 1026
475 431 1902
355 1242 884
528 965 376
1631 1939 1307
768 1187 414
46 2118 2238
775 735 689
1946 330 440
267 2098 568
482 2351 634
408 2321 373
1975 359 696
2167 2036 690
1502 2117 2298
1764 765 134
781 835 2254
1777 2305 919
433 362 952
1818 786 360
2367 2161 925
2137 1412 586
2186 2067 1495
1067 2367 2003
993 2398 196
2488 26 850
2430 294 1716
1712 578 1995
1942 1197 2009
1592 854 2227
491 1572 2484
2390 163 116
1488 647 154
689 2264 479
2317 1068 1089
1890 1894 1396
2481 1900 427
2033 570 459
1588 1191 1436
886 230 571
185 2156 868
639 1841 396
1458 2402 2068
2368 183 606
2112 1036 824
1964 1369 2494
1345 757 1912
485 246 956
145 1848 1590
1922 956 2232
631 2138 1489
1612 2147 1823
1371 497 1401
1857 360 2144
380 2142 1501
1221 720 656
116 42 2493
1915 1007 1321
1820 789 16
327 1059 1273
1260 1355 1807
638 805 464
2246 584 161
834 1900 511
548 1349 774
828 1035 512
1373 723 1328
2382 1493 2149
530 1817 1980
814 752 1908
2101 2261 504
1978 434 1564
899 1339 228
1834 2441 2499
1408 2200 2281
365 1137 656
1398 2497 2205
1802 1069 391
1390 500 339
1749 85 403
1883 1669 2064
2069 1953 541
1438 483 793
861 414 1416
24 1231 651
2092 2277 631
598 2345 646
120 1233 338
1323 471 1644
948 1235 9
1269 2301 1961
2395 1948 426
1221 110 1118
503 504 1178
699 195 1562
2396 1476 188
661 2107 250
1059 2244 2037
1977 1684 604
1044 2218 394
784 716 1760
1530 278 928
170 224 1542
1107 23 1138
1504 1013 2005
207 1905 1006
1465 1854 1593
501 643 661
2235 780 1025
962 1177 1063
1416 1045 270
311 324 1223
594 1878 1826
1567 1816 1394
1041 945 2060
2039 1395 203
198 21 1561
488 235 50
1428 1756 1268
2029 1315 1139
1241 255 542
707 2284 2426
2024 391 171
2142 1745 756
2476 1510 1842
2304 1166 2
322 405 1243
962 743 122
1488 1553 18
2151 664 602
514 1070 1047
2092 1800 2492
287 346 2496
50 50 581
1619 1111 2379
817 673 469
1769 912 487
483 1441 1330
761 2116 185
1022 2473 328
1294 980 405
2136 1584 834
53 2425 126
2221 430 2367
462 927 2333
2334 266 1618
1790 521 843
299 2245 1575
1071 242 2208
1402 998 1294
2270 2289 2197
538 302 1336
546 64 1866
1485 265 867
31 2074 2391
2098 2262 887
2181 628 305
844 1628 1454
594 1545 1743
1974 1249 247
2272 459 2065
204 1766 1047
832 754 1638
811 1017 1868
1781 1784 1595
1994 1355 2091
1119 214 2086
2444 1879 454
1313 1218 517
2181 1261 2147
1784 1525 858
614 1479 466
1752 1181 138
535 338 931
399 272 332
1783 994 2248
1060 1908 846
2154 1563 797
459 423 317
434 397 2264
1721 134 1579
1180 379 2147
31 1186 752
2497 2494 1180
303 1284 120
66 27 1159
2356 1612 1986
1306 854 800
1765 1594 277
673 1381 459
1808 1780 612
1098 1202 2463
413 1737 1175
2185 295 1224
134 1288 2242
1499 1723 552
1749 1324 388
1393 601 819
1388 1462 1738
1116 1674 946
144 1214 2490
422 314 914
1986 2033 2039
1803 556 1962
2216 223 1691
2284 339 1972
2172 817 1791
2091 609 742
2346 53 438
1642 933 50
753 1346 1530
1606 2132 1582
1031 121 1100
2078 2345 1056
737 1291 748
777 546 384
2231 2170 2100
1869 1849 1882
1836 1681 1679
1841 691 2291
855 1262 1690
23 1733 1337
68 141 621
824 1274 2117
395 975 1203
2090 2229 6
1394 475 2332
1758 1587 398
672 2092 399
1764 1549 2286
952 1615 642
2449 1714 757
890 628 359
658 1551 858
1014 2309 1254
324 645 783
1370 1274 1726
222 1572 2230
629 624 2408
1730 2027 1682
1366 1038 2484
1747 2342 1264
1340 2399 2380
1193 968 1678
1622 2187 1884
1104 984 99
418 245 2492
1505 384 2112
2098 350 909
147 1087 905
1895 1942 2066
2029 751 1007
583 6 2169
1611 2148 806
2290 457 1549
1902 1296 1525
2359 901 537
52 54 304
938 2031 1500
2130 1053 1603
807 466 2071
1106 578 1397
1384 2496 2099
851 583 665
764 523 1134
1440 1392 1229
2409 505 1658
749 998 1497
830 222 1077
1406 212 1615
1577 1054 820
844 1892 1120
284 2411 646
981 1525 360
2280 2442 1904
137 2041 291
2080 2108 1458
1713 2201 2275
919 2091 33
2103 1286 1493
1328 1396 212
1251 762 1868
1724 1002 1103
1261 827 2170
1354 300 504
2101 1675 488
666 2423 1657
567 261 223
492 847 1892
1535 1954 541
59 1925 2210
301 1376 1944
111 816 274
831 1688 465
2300 1798 906
1755 1828 407
669 177 127
1384 798 307
1907 685 1775
861 1411 741
1485 1747 2256
2375 1484 448
1631 2103 426
333 1811 1056
1651 824 671
1223 187 1018
828 1514 484
96 497 1002
268 1416 2038
1577 591 2214
163 135 1163
1282 265 625
1734 252 1721
1330 1468 1677
1373 1955 2377
1873 987 2099
1771 1530 680
2104 2249 1393
967 800 959
151 2393 688
175 1125 267
1530 651 161
2245 2305 1533
1361 2126 2290
544 1836 2066
2105 1500 1700
2164 2008 347
1615 123 1176
22 1005 449
2475 1160 1382
2440 2199 1987
2282 260 997
190 1553 2456
850 998 1453
182 1062 2091
2122 321 461
371 1409 589
2453 1267 1205
901 1907 2394
2365 58 1456
2243 167 521
2317 66 1695
1620 1314 2412
742 725 307
1943 1770 197
168 1468 1273
852 1570 1580
1109 2110 2194
2210 718 856
1716 1194 2189
2011 680 198
1438 272 880
1102 615 1982
1702 2339 2392
2108 2302 1660
2276 913 1343
568 2444 1431
2270 1753 1960
1679 1215 454
145 370 1133
2198 760 1528
1225 910 2281
1100 46 1055
2343 1196 592
306 1636 799
1534 2256 1230
740 1092 1946
1657 655 524
1200 635 1741
1412 1977 1649
1380 1826 748
2075 2493 1413
1107 1942 480
37 2159 155
1533 402 1804
707 765 806
1240 442 1724
1808 791 1856
2370 1373 2026
585 1158 1434
1516 2067 866
2483 2383 935
924 522 1614
2040 1977 1955
859 1410 1403
743 1946 1223
2259 2497 409
185 1430 640
2385 883 1785
922 1539 502
667 875 2246
847 1902 150
2389 672 332
550 1949 1349
1906 1204 1842
2212 1453 2169
1695 2249 841
580 842 1796
1551 685 1601
948 2167 374
2319 412 1269
1512 2461 2108
302 1727 2049
608 382 1941
659 1075 173
2288 1557 1676
2225 3 1106
461 683 838
1260 400 177
2234 1243 1668
2027 1300 1888
1557 97 2142
36 1609 479
431 1147 845
647 1619 1950
2289 1982 1778
2418 2472 953
444 1170 1675
1168 186 462
1868 413 2055
1930 617 971
802 339 976
1722 2239 990
1019 175 1550
1175 810 148
928 2412 453
1344 1869 843
1002 1305 2222
191 2166 561
588 226 63
2211 895 1407
1685 1945 1616
687 1758 2382
960 440 611
2370 1013 2401
143 2117 462
1471 964 2030
303 2264 2228
2101 17 1080
2276 2165 1847
1259 1220 2233
1423 327 1711
619 1039 224
457 280 1724
2390 1132 1145
268 1598 36
1895 2290 927
1845 1953 184
833 2139 1105
429 181 41
301 1880 1351
977 2106 292
1644 1670 1008
2437 2484 2189
485 2159 2433
675 1144 874
1489 1954 1804
138 2207 2485
1752 2455 1669
2463 1305 2074
630 921 2372
1409 1234 2342
94 881 963
426 971 2312
2224 863 827
797 1565 1467
15 269 1042
1608 1366 1980
352 759 410
601 1441 951
1805 1746 1229
2216 1864 1229
881 1315 1135
487 1783 1511
869 1456 445
857 2263 1182
1130 948 1238
919 1273 249
1466 2260 2261
588 219 1221
1282 1689 1403
1191 382 887
2251 539 1249
1876 136 906
2434 90 1607
37 2426 345
1176 321 2079
1393 1891 377
1382 952 197
2090 2211 1612
1239 2051 30
1952 1120 1135
2118 2104 867
1040 345 2337
1151 397 1365
1714 455 1984
1899 1061 916
2394 760 1997
1524 98 1814
1731 376 1829
345 102 2370
2311 1098 610
1096 1025 2295
2101 592 334
1587 1771 426
869 1660 1870
199 674 1334
702 985 580
849 2393 1317
791 59 2159
1430 1048 1417
226 2304 390
1561 1776 923
250 2450 54
2342 840 435
265 641 2027
2248 2413 1146
1219 2237 789
1058 2006 1419
772 1958 1528
1794 365 14
760 2302 17
1536 1736 2273
805 160 1653
1697 65 72
264 856 1156
2145 1496 1685
1116 503 2373
