3000 3000
1020 626 1059
695 159 785
872 1467 175
94 1352 1468
1019 1465 105
653 1301 75
1061 427 4
258 671 802
577 228 35
259 1165 606
383 587 1046
488 1078 965
1126 128 1126
429 1424 1
903 1463 123
597 738 1253
1196 1026 1264
761 203 611
531 827 492
772 412 30
154 521 1271
1425 189 749
441 1352 650
330 901 1202
959 1079 860
1008 978 1200
559 440 802
761 1358 823
478 609 99
1388 302 335
961 1429 985
385 1406 536
1112 205 827
857 73 831
824 986 1043
717 127 351
1027 1358 818
772 1370 842
897 1023 1098
1113 718 684
1086 42 407
130 230 62
560 1433 1282
1356 54 451
585 1235 650
473 458 860
33 1464 1106
984 912 1128
1068 349 172
939 724 1128
1255 512 226
676 460 1314
222 1371 125
435 206 262
1351 899 1265
202 194 726
138 1035 1053
494 1177 188
963 49 871
301 914 130
356 856 1134
963 612 857
925 1179 251
444 1297 665
1041 314 875
573 819 610
1018 1433 1094
696 1170 1316
541 989 166
1091 1498 1088
491 146 1341
1315 652 1223
1045 759 335
1260 693 100
1265 182 1485
830 1276 1095
793 1498 1038
1057 62 106
468 1042 612
1241 814 655
1102 78 702
1184 714 1477
325 1102 877
760 1171 911
1028 1085 1069
787 499 954
288 1348 1083
504 222 148
1207 864 4
1172 490 228
165 43 114
1414 92 700
319 233 750
1206 476 38
304 923 84
748 85 139
1472 1365 398
576 546 193
1047 679 268
263 1020 476
1290 945 1364
541 746 1492
1319 871 595
1324 133 456
153 1088 51
1264 1402 592
924 528 1093
1470 516 1062
29 544 1331
589 1444 629
1410 964 546
182 89 835
609 561 207
259 1455 1375
647 691 444
844 431 103
749 68 33
1284 36 705
186 1039 847
130 725 738
424 360 736
767 445 1446
819 1227 1395
26 856 981
50 497 572
516 1465 827
576 1414 1132
1197 949 1056
927 1107 656
430 905 701
1127 1313 1363
94 66 1026
1237 642 794
1495 757 648
1437 839 969
1356 16 1131
231 1342 1116
512 1138 1184
191 151 1159
635 394 1347
417 1453 499
1263 1234 951
1304 135 786
757 149 617
318 1214 91
29 701 66
319 359 34
156 1362 254
1404 677 1124
1410 1403 559
1490 949 1282
154 675 719
903 924 829
1370 879 746
1009 120 1456
4 946 775
1005 393 1164
1314 699 1086
723 1439 1025
411 1462 230
509 962 957
494 16 1253
938 370 58
1201 472 747
118 1216 539
316 331 37
213 789 1064
455 1086 1197
485 775 875
1316 452 537
116 180 599
399 574 788
1478 133 1437
190 614 1002
942 791 222
364 29 1168
779 1201 568
386 975 1071
834 368 636
796 669 1312
677 630 131
1099 310 190
187 81 1110
250 1168 27
1180 365 902
906 1327 812
17 727 147
588 682 451
1341 1187 17
1163 1222 60
810 916 1391
1374 625 1426
1246 263 1405
532 307 260
319 1103 386
308 982 1012
137 1131 98
1310 1085 1041
291 294 1477
653 1055 1329
1209 249 1487
213 632 94
1440 459 706
1205 996 1052
1270 1480 226
924 919 359
1160 999 1468
197 1463 1116
159 23 1146
393 1038 923
148 959 598
808 1099 812
793 1101 1274
1300 353 935
383 541 1297
76 1263 561
1337 398 1398
398 329 342
1317 231 1447
426 659 229
521 441 1041
148 1163 154
1176 793 1347
255 1399 631
1215 1447 174
70 1139 645
76 516 1014
476 616 1015
1235 571 905
465 58 443
662 525 541
970 331 402
1351 834 410
411 238 1326
338 1279 385
137 715 1146
92 450 1123
1006 1338 998
1338 1124 145
971 109 548
1282 1086 146
374 153 689
877 1327 1378
73 250 1131
675 820 943
1112 442 776
920 1066 803
86 1217 1430
116 1110 557
167 394 1064
10 301 182
574 590 1153
1173 1469 340
532 769 1414
11 1423 754
1280 911 1037
1183 1392 485
1265 875 1364
1403 1256 1458
475 973 1304
623 48 563
790 106 175
595 451 1333
755 982 1012
1173 940 1420
1413 763 1464
409 1416 407
724 1260 917
705 987 1317
959 1446 1289
667 701 860
1193 788 13
557 975 445
522 284 705
832 877 64
1449 724 1471
1019 1277 214
1112 683 1341
1491 1426 1322
487 178 959
1144 35 667
169 1069 977
697 284 317
228 927 861
198 1113 691
528 909 1042
509 1186 218
238 944 299
2 1351 1112
612 1151 1131
693 1455 859
682 466 754
1214 294 622
1473 1473 315
902 1443 674
378 271 702
865 1382 79
1324 738 518
680 96 656
828 43 1290
1183 559 421
488 171 1007
1152 759 1209
861 284 272
1243 1111 1470
1129 435 1338
1219 504 1358
866 439 380
258 251 95
599 1459 1160
564 1257 1294
779 1490 1423
366 576 81
1387 334 855
1331 549 1423
993 434 1325
767 236 297
1100 1338 878
483 1329 833
870 1245 780
609 253 1140
933 536 1204
265 498 728
650 1016 1324
190 1101 299
649 524 338
475 134 1372
201 355 984
198 420 1269
79 932 1023
341 1488 899
26 984 1035
1493 194 1234
1012 61 824
341 1498 1284
530 41 793
292 1393 1202
50 579 1462
972 278 73
694 121 483
327 1277 277
583 79 652
919 990 159
450 925 66
1381 9 949
1209 478 491
371 1108 687
75 223 603
1020 262 549
891 1164 172
217 433 1436
1242 455 809
1363 1397 450
1116 405 1098
637 181 192
33 888 1063
1241 518 495
1171 242 870
1250 524 237
106 1122 584
1297 917 668
1179 80 1042
578 751 498
1230 82 1494
1179 677 735
1400 1285 555
94 109 168
744 1430 9
1169 556 684
1474 1423 744
1152 487 643
1447 78 1000
1130 1417 1371
792 470 397
647 694 85
816 1450 1340
1141 553 236
1052 488 1206
1163 456 668
895 181 1087
66 66 1012
262 579 64
379 641 108
448 946 170
1476 1490 734
150 334 356
1215 783 1490
433 1397 1357
23 383 289
1142 1232 686
706 480 317
539 1352 1435
209 647 1262
260 190 402
667 987 453
529 1115 357
754 1278 1328
504 362 1417
583 456 688
1107 1253 811
797 782 504
456 948 106
319 136 869
275 1360 982
75 254 918
136 144 369
654 1233 244
181 427 161
451 1302 945
700 1356 846
1217 74 40
746 474 1256
51 354 1181
1288 1200 98
644 966 1168
1030 982 611
1477 1382 742
1391 172 1300
873 33 987
321 666 421
659 794 695
1079 449 705
172 167 394
198 1021 1179
530 1289 89
1485 1470 459
618 1016 115
685 169 1395
429 98 1100
391 200 1278
987 1200 412
1211 272 803
416 86 318
581 1332 1263
888 1445 671
1008 1361 1316
1075 932 1148
272 1269 190
386 338 1291
1105 678 406
269 523 1401
501 543 1026
39 389 1351
1290 148 179
1094 85 480
262 994 712
502 983 928
666 254 1090
85 1096 16
222 965 767
373 607 654
344 94 62
1081 1369 397
214 1469 249
217 80 249
541 32 925
1280 1164 251
1154 937 594
366 1375 215
1336 181 1471
456 1226 1069
809 60 150
1103 1333 400
1441 1376 548
386 963 66
337 298 1182
9 1081 837
77 59 1473
241 1047 961
774 1098 1375
836 573 885
708 456 1153
1142 1089 473
669 1316 1384
1226 1010 998
137 956 750
1044 743 21
1423 513 242
519 369 1202
715 1151 1282
336 760 167
896 804 125
980 200 586
792 662 1176
653 1254 17
530 988 1038
754 584 913
815 1219 236
1064 1230 1139
865 270 450
6 48 93
488 327 274
324 541 174
1491 1089 694
772 1446 702
1471 684 1074
1456 479 763
507 1263 622
988 197 514
589 936 266
994 1291 946
966 502 1093
1308 568 1168
135 1172 1457
999 546 88
719 1339 1335
1373 1064 14
765 302 1214
1491 105 80
228 698 1177
272 864 782
1364 222 563
922 946 598
496 242 12
313 652 500
556 394 1233
280 383 107
655 823 1186
246 1339 144
1291 1340 639
605 124 1211
579 725 460
831 1234 1205
1095 631 834
488 946 793
1117 1251 976
339 964 1117
1198 710 616
725 409 1220
475 421 354
1294 856 730
562 1057 588
685 1076 1364
620 742 412
685 780 271
284 1168 816
126 119 729
29 620 1064
238 592 1043
296 1061 887
1294 433 635
81 1376 1404
185 1075 1214
1291 977 21
352 830 1280
475 573 589
190 788 1470
240 1394 51
564 182 386
6 177 467
196 140 947
499 84 1124
1016 622 1474
827 723 1323
829 582 383
1479 1392 1023
1444 835 734
1350 1203 1202
1003 1142 180
847 892 621
414 901 301
191 1163 1430
627 1411 364
883 761 171
1206 375 1162
1223 696 51
1361 39 576
312 1246 461
926 1368 1181
43 1064 533
503 1118 93
1024 727 1183
49 52 69
1137 459 450
957 406 1024
1463 1320 470
57 32 1475
545 592 1286
389 916 1446
320 273 274
884 1134 274
643 1070 288
1455 79 583
758 1334 893
1491 1104 247
734 223 255
112 991 318
642 759 1035
853 659 479
1303 1184 978
1003 569 1420
396 136 1497
362 243 1180
1200 689 665
1043 1358 1426
348 1470 1335
1381 414 1455
211 562 1369
574 505 456
1204 1103 562
655 530 31
575 1150 728
745 345 1041
619 66 846
53 274 458
1232 748 6
1370 899 1492
1104 353 162
1054 1044 1013
1089 64 317
851 523 1236
912 493 1148
81 478 598
1377 1179 717
1116 1349 1281
680 136 346
1384 163 890
1263 1421 257
1023 274 324
687 389 915
218 393 189
768 1250 65
1390 933 102
1082 504 611
1029 632 1080
653 631 1160
365 408 287
1429 1182 478
1111 678 1051
1237 460 1130
341 634 19
1394 131 761
994 283 682
962 791 149
1308 1498 1131
424 1391 206
641 204 1063
384 1162 144
246 887 1130
1266 102 329
710 1498 265
751 59 916
176 582 1270
272 1288 981
505 980 637
201 531 960
119 206 35
829 460 1115
899 761 80
936 1482 594
68 494 77
1162 247 31
171 1039 462
556 918 1361
261 1253 249
434 756 546
727 902 32
760 1394 528
274 793 1183
934 138 592
691 1212 185
669 1128 1494
990 249 877
1148 650 911
670 876 81
1450 1437 583
624 1444 230
155 362 1432
386 1468 309
894 205 1347
954 309 1205
685 793 152
1049 970 421
812 315 1080
928 1244 103
100 1475 1191
507 659 1078
859 810 1378
948 41 816
365 1476 26
1090 1004 46
913 841 562
1177 1396 122
1487 1152 95
688 584 71
891 1251 674
256 882 1110
3 278 842
925 566 870
833 886 919
647 1390 474
384 926 251
1261 546 1265
1322 356 1019
928 774 1118
252 176 1328
1335 2 1236
311 1475 85
857 1072 559
436 646 771
326 719 64
213 1038 495
906 1163 216
1193 40 1029
447 1104 211
116 840 341
1330 1146 392
700 146 763
676 863 551
274 981 731
1398 543 1089
1204 778 121
635 1402 72
383 670 1223
479 1440 124
722 1427 156
178 576 720
482 701 456
363 1003 436
1096 685 0
138 508 484
285 1445 239
822 1059 627
1169 178 119
1358 542 1386
1265 124 911
573 1430 841
216 1116 528
1458 760 700
1453 594 225
1330 449 724
1299 1225 1318
275 134 370
39 171 858
1130 585 1402
1379 924 67
901 525 684
606 413 755
1268 408 170
285 705 1281
835 392 621
86 735 1174
1043 1499 1072
519 622 404
98 377 238
1170 109 919
494 569 362
103 939 592
320 819 789
1485 1340 1055
309 133 464
1315 288 1235
1075 1021 320
1055 489 1437
299 143 990
1322 105 437
1057 510 1314
1209 262 529
1187 1305 868
1143 843 749
1162 121 1341
579 1188 113
1064 92 1431
916 657 1242
1013 1412 1452
1252 739 1362
625 1008 502
1085 452 586
990 959 431
291 514 392
1356 61 1089
973 1403 1155
44 1374 262
652 276 514
533 262 966
1004 1230 596
893 952 1442
1393 71 10
1473 908 1480
506 1441 870
763 410 88
39 1361 968
672 1155 1428
1015 1024 215
490 767 1376
1257 1133 1466
240 1167 1017
1284 661 1042
706 92 1259
1387 188 126
43 1318 1031
357 1389 1436
155 467 1326
761 1420 114
739 268 259
99 315 1310
1054 8 1459
217 723 329
508 464 743
948 294 111
718 544 1356
1315 127 606
1335 1121 662
1293 1465 1142
867 1194 644
1276 1001 204
101 52 1460
380 444 1366
790 362 878
773 935 134
1062 64 995
947 1389 795
158 1431 620
465 1075 1344
338 482 1302
1112 1293 1080
833 124 457
492 1462 312
1499 870 780
901 680 101
818 415 94
1442 1437 853
1029 1454 891
474 1482 996
1070 817 382
1368 886 1384
731 658 162
568 811 365
688 1172 475
1246 1265 234
672 548 598
93 312 1136
1406 54 1167
1081 241 15
176 321 273
1378 499 75
605 1490 118
1245 889 1093
719 1420 247
1428 1110 1101
480 217 296
397 354 951
1331 594 786
1350 1355 256
661 295 46
834 147 1227
1472 1429 52
1242 922 173
1367 34 1168
771 1330 740
361 709 1477
1163 1007 874
1480 398 382
539 970 763
1041 296 1262
634 10 541
818 635 532
136 259 1092
1344 694 1456
452 141 587
938 675 1011
98 552 1194
818 993 278
738 531 613
1297 711 868
1129 1310 267
245 841 677
70 121 375
293 1463 705
528 1308 1186
1206 1214 1007
914 694 151
704 496 1251
882 1447 1390
1049 769 1107
12 455 1233
1128 1134 1222
363 128 559
1318 841 1136
101 1401 554
477 155 428
1431 1332 281
538 624 1411
1428 1030 191
1212 1255 1363
254 294 307
1286 1029 1437
1001 56 655
271 1453 369
1132 141 1429
41 487 315
749 40 246
797 1313 1258
1053 732 1472
465 1058 739
1057 671 947
183 1302 1285
100 833 1032
832 76 984
1051 27 557
1239 302 110
344 442 378
196 419 657
1364 629 325
1089 355 1108
980 570 666
180 578 819
403 616 777
224 1373 929
324 654 938
396 1198 5
409 912 484
166 1282 200
1111 829 238
706 1466 11
1270 1216 740
306 1185 959
646 841 833
1286 1401 461
1495 134 376
349 282 20
1257 1411 365
1483 1402 298
136 1361 950
1028 1138 838
769 1234 993
672 104 423
12 380 1014
1013 594 530
662 735 1252
927 1407 688
944 189 207
1220 985 721
1094 436 1216
1095 583 1362
1128 1006 639
1187 90 1027
238 351 747
579 457 1156
904 1043 296
812 726 129
596 17 1098
305 7 1350
142 336 698
1326 1314 1005
1313 619 445
397 840 72
595 347 25
23 912 1270
956 859 1330
371 991 871
1328 414 452
397 473 434
742 142 1143
1026 1214 313
1430 1196 1387
595 494 550
1188 141 1063
1042 126 526
361 501 404
1122 693 1277
618 218 890
944 1394 132
512 1426 12
479 249 1349
393 945 147
1124 354 28
48 347 826
1062 905 1232
1072 1387 1395
800 1057 1221
1268 752 518
492 167 1214
347 594 185
1422 413 863
1300 945 1378
1202 329 926
1105 269 1249
1142 1297 755
221 245 900
626 220 1073
175 485 1453
1150 515 1192
504 533 342
38 1315 858
152 1220 274
418 684 397
1085 253 584
1270 749 129
898 425 653
528 1149 472
1383 772 651
894 1378 1014
1105 485 1442
996 1312 1293
393 799 489
800 1391 988
575 50 265
315 674 53
719 1366 322
239 412 1244
464 509 1133
589 246 227
421 1107 1259
369 422 248
1158 648 479
239 123 1212
907 707 1183
657 346 343
924 1119 29
598 1337 84
1407 11 296
1152 381 826
744 242 738
1079 450 691
515 286 221
1125 705 1338
1418 228 555
1103 787 1456
1199 1480 397
490 259 1482
776 1411 621
90 297 1443
613 623 521
173 337 265
1054 477 163
86 1153 250
398 252 482
436 194 62
1417 717 1312
12 626 1331
297 940 1037
1057 827 894
1259 589 13
87 609 1258
629 980 1430
550 1281 1237
1129 563 1420
220 178 572
1048 286 716
1407 1185 940
270 1210 938
1422 946 1457
1017 861 1487
336 691 1174
1050 6 381
889 676 1135
878 1131 1469
1056 1483 1237
1 755 289
989 1216 0
1311 941 781
1498 708 949
305 738 1479
500 793 1094
1113 683 975
352 1130 626
534 101 343
1184 1358 1463
211 969 187
1142 733 429
1185 1000 1180
1370 84 737
193 141 79
13 311 1317
1336 164 108
398 678 1273
1135 554 20
379 787 107
1235 76 339
713 1485 604
793 505 303
1056 914 462
474 585 144
1123 554 1385
1323 251 323
418 1007 428
1198 506 717
1358 600 1272
399 986 433
1085 593 713
1497 1356 812
339 843 919
1296 743 17
1007 768 550
794 6 130
610 425 341
966 240 689
210 493 1489
176 1037 546
148 619 997
1228 713 878
910 842 617
91 35 410
287 524 1153
1345 1237 1023
917 1394 448
972 345 262
1286 701 1081
1286 1326 607
169 1007 723
9 1042 225
537 1481 716
471 385 228
829 937 200
201 24 847
1412 1041 250
1005 984 752
1142 1171 338
7 89 741
1108 767 1354
179 700 666
656 1192 1485
1333 859 489
1418 1291 965
208 735 1228
963 1403 734
427 1096 886
815 1351 83
780 1277 305
880 802 802
1177 165 1353
1071 39 296
1145 62 1162
201 644 842
62 1148 1436
309 291 941
980 1119 405
8 1285 531
1478 676 601
710 1372 123
1340 337 1100
502 535 117
359 1437 1451
398 5 295
1203 606 1238
33 566 508
982 580 17
228 272 1293
1383 141 800
1489 320 1086
1014 260 1338
772 784 1362
39 13 182
760 1002 568
234 560 696
650 596 3
542 917 367
1053 566 378
139 1311 1454
56 288 206
223 1440 423
649 1305 816
1369 1442 1367
1169 475 1164
638 1134 239
1246 19 995
475 1253 846
1457 25 962
582 645 719
835 297 1369
1028 1206 517
1292 142 1457
1192 1472 255
1201 718 515
444 1125 553
6 1158 1482
167 276 525
1133 1290 42
646 4 1144
402 827 634
185 150 330
1406 347 1025
471 837 292
794 824 1029
357 897 208
1277 1193 1041
291 296 343
851 816 1030
862 761 978
1230 1035 46
1083 307 435
85 291 603
683 1067 601
389 426 1093
1111 451 469
122 694 20
255 94 1386
781 1139 1151
921 1346 372
1366 697 813
1391 133 676
1340 684 308
1130 754 172
614 101 747
146 362 650
1319 464 308
1408 1055 1456
618 712 1413
765 967 18
1443 199 9
1156 588 247
659 1465 253
1011 947 1045
881 1166 1443
41 298 537
965 695 576
1271 1216 679
1207 607 1282
697 1334 106
1068 416 641
176 355 933
920 1080 970
822 93 76
1198 10 1147
72 659 613
1360 498 492
400 1121 1320
537 485 409
416 1454 1473
1242 1200 1060
1209 845 149
1182 380 94
708 760 189
1350 76 1008
625 608 1263
1385 629 530
146 982 1207
650 169 1330
808 1294 989
1106 198 205
956 142 842
634 598 679
1237 56 116
455 931 1246
405 780 480
871 255 555
677 1202 405
87 1232 969
476 261 1001
1439 158 1481
1439 482 437
743 619 1060
132 62 201
282 1491 825
1173 64 288
503 1429 701
899 1448 438
1407 723 1181
1295 1078 836
684 548 1232
486 1465 202
838 154 150
1131 256 1466
359 13 1137
319 1202 142
277 7 1181
185 24 250
813 751 1467
812 1351 1183
989 1021 584
684 799 874
849 785 225
188 963 1325
259 360 1366
517 673 317
442 1184 1078
1016 477 504
299 40 1263
206 498 627
1270 1176 917
388 21 26
943 736 868
874 481 65
278 787 876
286 523 333
1480 1086 703
936 236 863
687 1097 1135
586 1253 521
261 983 632
189 420 725
1293 66 1266
1199 1497 869
12 477 42
122 703 1241
703 65 18
1073 758 869
921 155 1347
581 1299 876
1461 511 1072
368 1034 174
137 500 1264
291 877 1236
773 1204 583
1468 516 1027
996 567 444
687 938 1186
627 365 1085
166 909 827
1361 1315 140
13 253 336
1207 526 610
750 680 77
814 339 996
922 646 1488
470 840 292
66 1263 1461
1182 971 632
54 209 504
216 1430 1046
690 1164 1264
1042 1260 619
1073 1015 459
489 171 1150
1200 656 848
1445 937 1268
1407 928 1307
24 872 812
574 962 672
935 1103 70
1418 1464 149
627 1096 1495
714 907 352
1360 806 1482
834 224 349
1380 520 122
294 86 451
1372 445 596
772 88 1081
20 1097 1212
1053 1493 1244
758 591 943
1358 387 304
1366 187 498
260 1314 934
1029 1102 1462
370 457 727
79 575 888
844 1275 1308
25 512 573
1223 1472 1051
596 675 535
684 1159 784
223 484 227
1004 733 284
591 481 897
506 1203 343
819 58 551
121 529 1141
214 333 577
683 968 813
1359 75 985
95 484 350
265 215 1229
391 1426 738
1164 1468 1289
732 120 1379
219 1129 435
221 80 570
767 588 1305
127 1326 1139
1019 221 1029
1315 1457 131
657 135 358
752 1209 1458
1295 590 1013
477 695 1088
690 873 1415
302 703 828
1024 1040 1096
1328 638 681
417 328 159
1124 1400 1500
1416 645 933
1170 1379 155
1359 453 840
138 1416 473
617 1289 881
1075 834 913
557 157 42
617 525 121
443 485 369
1050 897 14
1083 1203 763
917 666 1043
760 756 910
345 555 1431
825 500 1404
122 734 1393
418 794 859
61 1176 68
1486 1002 101
1209 396 519
1221 792 467
430 73 957
1194 9 246
923 877 127
817 304 76
413 290 742
1480 1300 314
403 603 365
655 730 728
439 275 723
1464 1135 457
349 1454 497
808 19 321
438 1196 1171
662 645 1148
462 908 572
1473 1146 590
473 629 180
812 536 825
1230 717 1017
957 1159 1230
621 797 211
1121 527 1396
1484 446 554
692 1089 518
1165 105 1364
854 1443 493
624 1353 615
1112 843 1219
1150 636 81
1147 1329 1340
805 242 398
1382 780 583
1084 693 25
813 600 157
548 1406 280
1070 1460 1107
1140 229 562
972 779 422
457 1149 925
746 1126 1206
199 117 1160
816 65 1216
973 480 80
983 6 524
334 606 569
733 639 1145
1065 1019 894
533 1009 387
1439 1479 123
746 1060 153
745 363 753
550 1019 1457
59 644 546
104 191 1172
1227 604 493
301 269 423
1348 897 63
1231 666 635
501 618 654
787 169 76
80 725 1217
761 159 910
768 1313 734
453 670 1043
71 712 716
891 212 563
251 461 40
1268 755 767
718 566 1423
589 1274 1314
580 838 382
1270 1387 321
310 141 1317
320 1382 105
1021 1412 941
394 985 856
500 337 817
1451 458 884
1366 835 29
1095 93 1250
120 518 794
254 1118 474
1161 506 153
592 563 574
355 573 627
517 1051 187
946 353 1234
1022 562 340
760 1367 1384
940 1219 101
769 555 529
1433 300 499
236 1099 1291
917 683 1017
1317 60 249
84 1400 1135
858 571 261
1343 1281 368
407 1296 1175
904 753 708
536 1286 1410
179 461 101
1450 865 868
627 658 1236
342 939 1086
597 1034 1491
1269 874 1416
1110 97 868
562 240 1081
424 1500 220
1350 1443 1101
851 1288 523
270 224 87
1468 84 398
659 607 427
1464 1421 354
759 186 17
730 1299 837
971 676 180
184 989 114
1447 691 770
970 20 832
698 1046 153
1159 559 1291
1292 1342 821
401 1233 667
237 939 952
581 86 3
785 754 1214
286 927 157
1037 282 855
550 1349 71
700 336 571
1138 852 212
618 734 551
377 30 1220
545 843 1457
1 29 896
635 500 1246
741 582 114
942 1132 739
40 300 58
1100 864 1237
1227 202 420
84 1390 1222
1025 896 226
171 984 198
1393 253 817
274 741 243
1469 1071 332
1031 757 258
115 1481 1458
359 625 4
1312 668 703
929 1091 1079
81 371 1489
1413 501 52
1276 585 169
1412 607 862
1145 1327 1426
867 1093 972
839 866 194
1448 1447 146
1053 1272 242
611 558 159
751 671 1137
926 1149 1371
275 1044 423
1037 764 503
859 1435 1297
562 1156 813
175 583 1133
83 525 1387
76 1338 366
801 1425 854
1038 1196 513
630 352 1269
795 245 692
1076 1072 486
385 1320 466
196 659 296
846 375 927
157 1321 412
767 223 442
554 772 951
390 626 524
129 540 26
895 991 1129
1055 1018 176
1031 619 146
57 491 781
1244 940 287
494 428 269
394 34 926
593 1136 1014
1343 1081 604
462 218 897
1421 1246 1152
122 783 1281
7 492 349
1116 1196 1135
1264 1272 1077
1436 1218 1396
1382 1468 1204
453 823 327
231 430 410
1200 654 1137
295 542 254
884 1221 124
389 578 201
703 1159 1200
1254 1250 555
76 591 622
824 1396 685
706 1059 121
288 1042 517
1031 210 1311
936 1044 523
175 903 595
572 776 1500
431 295 103
1237 891 512
953 1255 776
1434 1189 1344
1461 1446 917
543 1160 467
1444 348 572
390 169 774
199 281 461
1208 314 856
448 1347 1267
683 345 1134
1449 137 345
50 389 1322
1326 252 186
140 547 360
1276 1125 569
486 1104 1264
378 851 44
671 495 703
730 1227 1028
1416 173 340
863 422 649
629 466 820
260 83 886
987 420 727
641 667 123
1486 823 490
662 1397 624
651 1433 1369
862 271 792
166 146 615
311 629 453
622 597 1495
1015 1300 695
1270 53 714
472 1345 1323
383 262 878
152 1167 83
211 1259 1368
796 1407 1495
1453 785 1386
313 1022 337
576 1291 1014
612 1168 1465
1284 888 274
1051 180 256
1275 885 1108
836 461 89
512 993 806
551 1017 555
302 760 790
1424 68 1296
226 757 1128
1049 156 306
950 992 748
383 337 199
271 180 224
1020 310 190
632 825 290
726 1302 263
970 489 150
464 125 29
771 1352 488
1225 1012 554
266 1341 377
956 1029 160
933 228 140
1140 1167 1223
549 849 388
1049 66 1203
1134 1176 237
1015 148 851
1455 1177 452
659 222 1271
189 1467 1106
857 181 912
538 130 377
844 1005 588
885 921 466
637 553 77
29 367 1472
694 1459 1177
484 1488 316
398 597 83
1402 1154 1011
504 1473 20
433 454 317
534 58 655
1233 281 1151
467 191 868
1427 329 465
645 1204 443
834 4 395
241 28 600
528 283 876
688 364 1446
1066 100 1239
319 82 556
1104 359 228
1179 965 946
573 1222 411
257 368 246
299 1344 731
1342 20 1336
563 912 300
794 906 877
652 261 1387
272 843 1191
585 536 1490
456 1156 810
651 689 1436
1011 518 1423
1449 1211 493
920 1149 1187
1172 852 693
724 638 138
801 408 1116
885 678 1303
1142 1305 1494
663 538 539
352 1233 44
939 446 214
695 1027 677
746 929 1203
150 258 809
402 1200 711
1193 1354 777
1043 68 131
377 756 1225
249 104 300
548 574 446
250 138 648
832 471 536
1269 1053 1170
657 982 687
1087 430 731
1279 1360 1247
590 459 725
1055 973 1206
157 172 135
1004 12 653
320 608 197
100 789 1253
546 436 1488
1233 77 164
404 368 887
55 1168 1200
615 130 1290
1478 1355 2
832 1390 811
1148 800 988
1175 337 608
388 1458 493
1492 1483 1328
28 1362 952
997 1147 173
598 1055 1016
103 1446 963
1225 82 1181
124 633 1325
103 370 280
490 938 585
36 180 141
653 900 1332
133 446 790
872 1150 75
705 678 188
820 251 508
729 1223 1149
1286 1275 1172
652 885 19
416 190 1174
1075 260 1347
47 761 423
1234 422 159
819 547 336
264 1462 832
959 595 353
1446 3 741
921 1255 448
761 587 1403
236 117 600
1336 93 499
266 371 1322
1026 747 1133
13 983 1314
606 227 686
774 1307 78
94 1491 88
215 224 1354
1201 850 821
1286 763 1201
1269 375 649
1349 736 119
263 1238 268
293 201 826
1020 1482 368
1492 646 471
715 86 59
400 1283 877
120 1151 185
186 17 89
1389 500 417
1397 770 1315
815 1003 1467
38 1099 1057
899 852 1381
964 554 503
742 268 149
1156 582 689
119 1373 1078
171 1039 1117
1446 1024 738
366 219 624
438 100 1479
1193 555 1112
32 1067 912
723 1057 309
876 193 401
362 1133 215
523 650 259
327 849 1278
1278 1339 165
945 126 139
322 341 638
467 582 643
1048 952 899
52 111 553
78 1010 403
577 41 506
75 455 369
1407 986 983
1049 1431 573
1159 317 1379
874 532 89
784 792 1406
511 1488 843
569 1495 579
24 210 136
1142 786 972
524 273 1323
936 50 509
10 744 847
1266 591 883
370 39 99
277 713 484
694 910 1113
1198 163 1112
1101 1260 335
441 1090 975
143 121 472
147 965 979
1272 944 460
475 446 1281
850 828 934
5 282 737
1258 286 1104
1351 333 1158
1444 313 230
1384 1240 263
1090 1184 205
988 796 1237
413 140 915
1249 1480 1199
1231 955 88
441 544 205
913 878 1106
973 1484 883
1187 721 1247
1203 940 99
277 425 145
1038 1036 198
1317 391 1359
107 722 1464
21 1293 549
48 259 666
532 1330 261
1206 663 679
924 871 1326
283 697 172
470 1073 703
1052 737 1248
175 478 1154
730 383 841
270 738 1283
677 105 55
162 198 1090
626 986 52
730 561 213
574 580 1204
663 1225 1067
183 1476 296
844 447 514
1069 1185 1359
973 1287 761
90 652 101
734 95 70
599 605 1018
469 1185 1397
1465 1117 507
567 1497 362
1149 1011 1390
942 292 355
90 1021 840
949 1252 578
772 326 222
1174 1455 1303
431 1239 482
240 854 935
568 555 1358
1491 1198 1044
274 590 1345
537 930 880
40 1086 827
1168 1021 1053
48 1082 362
107 1490 1267
1404 961 448
1233 893 1326
564 424 1102
741 693 1429
1271 920 330
613 1077 1338
987 1057 84
1365 1499 1007
879 339 719
6 1412 1191
618 944 1227
15 1291 903
1302 340 33
737 513 1264
934 1241 385
684 136 812
634 438 613
78 672 1217
264 160 524
869 1283 347
867 791 225
959 572 86
306 502 1418
271 556 1002
1300 231 1073
1304 440 677
1489 165 1156
49 1359 779
988 265 1198
14 453 158
979 767 696
417 150 1371
338 38 1447
933 1456 1091
1027 1438 1366
915 656 1278
447 183 122
594 937 836
239 957 387
215 100 21
926 75 316
1345 1364 240
777 98 825
148 1427 530
245 93 242
770 676 1119
697 1482 962
269 214 648
1031 307 91
291 560 163
47 1260 1083
607 392 592
1197 1084 1439
1058 1436 12
668 370 1159
404 974 773
1017 150 12
119 244 386
998 712 584
1375 564 119
1008 371 111
228 1159 320
276 1222 1069
300 920 732
112 1213 189
1136 764 1319
1015 337 1280
1033 989 337
1206 1171 930
869 1392 223
486 1038 803
1125 998 348
204 995 542
1366 1055 1187
803 1215 108
295 27 950
529 249 162
352 700 3
443 1281 1010
291 99 852
231 1054 1032
763 445 635
1486 1056 564
890 1359 1041
130 1141 856
547 128 541
423 437 1469
1155 334 1251
552 1392 23
1432 1323 61
703 677 566
1270 889 427
886 1003 592
1328 775 1257
100 1043 53
394 1066 425
573 785 1217
299 1024 684
88 1089 496
1153 1176 233
179 956 1380
131 1407 525
1490 166 18
128 965 440
114 390 195
989 264 300
689 1322 753
4 755 1213
1317 1355 582
926 525 808
303 121 1138
489 683 329
1075 501 49
723 1255 51
851 17 1218
987 603 232
402 1402 234
968 103 1263
882 344 199
1009 990 852
1185 122 1100
587 1488 1351
991 973 11
574 854 1281
1163 997 1195
452 616 1299
286 834 550
5 838 946
285 1334 461
1422 45 360
1258 89 125
798 341 410
902 344 1373
232 501 638
114 254 798
694 333 433
315 100 216
713 835 847
753 1413 1135
710 451 174
1070 536 59
866 1112 809
512 764 1301
1107 1346 1423
851 94 652
943 445 823
737 503 11
560 1454 500
7 44 115
1252 71 377
229 1042 39
221 216 1431
1179 159 881
239 384 135
738 136 527
283 816 559
522 1426 1241
205 947 1400
1005 546 306
1245 1050 1477
1030 633 9
1317 930 256
134 931 239
1033 1284 853
440 881 1330
988 1071 72
130 1061 1002
98 690 1155
445 622 689
1316 214 1320
500 1138 98
665 559 996
884 847 1430
1238 1332 136
252 352 1282
1053 296 404
62 861 1248
274 535 612
1192 302 378
1388 880 1492
616 710 56
1062 453 463
324 65 1016
1051 111 272
979 1444 1157
322 1219 1284
184 434 1190
1210 73 1464
1204 865 825
350 51 127
1143 1445 147
960 769 1380
302 769 841
1107 188 1026
1310 1365 1122
1352 1141 613
225 347 198
1339 532 714
218 1125 75
1316 845 847
20 71 860
1420 675 471
1031 1346 201
1045 200 1146
686 1116 1305
503 42 299
74 234 945
312 230 723
1160 984 144
846 451 822
1092 1398 698
1372 1487 1153
191 1085 892
919 623 701
1167 1219 490
960 567 592
780 499 364
346 604 919
21 26 33
1322 334 1225
1288 1394 324
349 125 1171
1419 801 733
432 87 689
1009 754 1090
693 1122 1318
1408 572 519
1062 492 1038
752 24 446
957 1481 51
1466 524 292
329 736 935
613 183 1361
158 790 290
200 277 960
1343 1132 642
1201 1139 66
621 1046 909
169 642 750
1335 134 749
583 1001 1051
1365 142 1089
337 166 829
530 328 236
29 1320 1481
111 169 401
898 626 1402
911 1464 527
191 470 841
100 1144 1149
465 1038 1055
707 412 895
448 294 123
1088 581 85
1265 1235 565
516 119 1376
848 1149 1034
1056 333 1264
838 428 379
1360 825 781
654 202 322
1405 730 1203
566 651 15
84 1220 284
440 779 230
742 1304 2
121 1171 344
1206 25 1062
1288 985 621
140 399 460
139 816 1489
42 486 53
1212 567 815
584 931 1048
83 983 1326
1236 791 1305
257 803 1448
514 627 485
65 216 285
408 938 406
1339 1425 70
684 346 322
560 1484 1209
538 1061 1329
424 884 895
848 814 1285
1485 910 1228
501 471 839
158 1169 854
1486 1093 1002
234 1236 876
828 500 59
1091 636 92
480 1074 399
886 746 1201
337 482 1426
700 102 401
196 1220 82
928 856 43
1134 453 784
604 189 895
876 1070 304
491 844 1038
358 820 1368
150 191 944
299 1468 829
1010 81 459
482 708 214
639 926 198
1271 515 989
356 233 1262
619 221 1227
1265 710 683
1045 551 533
1302 345 916
642 1411 183
1325 184 1078
141 1132 57
1255 1036 1390
1446 610 404
533 418 1123
1319 433 904
91 462 132
636 518 1128
322 319 791
1334 222 236
471 789 877
1009 728 1330
1078 1176 205
551 1143 1242
319 1391 712
980 1366 1245
172 523 1341
768 10 909
1373 53 864
478 198 360
942 768 333
618 969 1049
322 656 216
1415 784 636
933 1050 1162
883 536 73
1136 1431 1033
1021 1229 1169
225 1135 1217
1104 626 118
783 1261 554
431 1265 920
823 1487 389
1139 1132 64
427 1363 563
879 920 330
1242 1316 1068
169 1022 78
88 1032 1235
840 1053 1313
975 1282 740
119 1401 1181
235 107 173
791 924 888
669 486 121
1456 45 943
709 1301 1203
519 1350 428
81 800 434
685 620 613
841 1389 764
1298 434 130
1123 1046 1037
1228 251 68
748 1100 537
1231 897 1286
1332 806 1033
83 1140 763
371 677 1137
557 1474 98
1458 1287 348
934 344 652
315 299 964
1438 762 801
1421 1087 816
1442 54 321
1029 992 581
1100 382 809
1311 672 560
1494 91 639
235 267 231
614 423 238
475 989 20
878 1020 67
967 1306 1293
147 825 1433
1090 99 783
67 461 878
574 1466 1088
1307 939 1386
519 1263 926
727 516 378
1324 570 1124
1219 1370 452
171 162 997
826 230 1494
38 196 828
50 801 200
295 562 1295
1493 460 445
1207 1114 450
640 1456 557
1152 1411 1156
77 40 711
503 725 194
850 24 403
1224 1215 868
309 121 969
1157 799 129
646 498 1454
444 1449 875
32 1205 182
295 951 1137
452 1082 77
846 176 245
85 434 96
900 568 776
510 1442 714
600 399 467
388 760 1242
1146 730 150
325 768 463
969 928 593
350 297 1023
1424 397 914
412 869 40
782 1334 67
689 885 163
1469 926 200
345 922 1451
412 1423 438
1201 1343 630
426 1431 1439
1221 1199 8
1481 406 368
426 615 101
205 193 1007
1439 1006 1349
167 672 78
965 542 16
387 436 725
752 225 561
293 660 931
597 528 300
1288 28 419
306 628 821
1211 84 797
138 984 327
1136 122 762
1279 81 1424
212 1230 1348
931 909 1221
1449 633 1129
1171 417 61
319 816 471
1010 1475 240
886 1409 940
249 586 1275
102 672 984
402 797 1170
110 1232 1482
1171 526 1178
803 728 237
189 853 191
1490 1396 398
452 19 1361
1258 220 1358
916 69 1382
111 1360 624
597 340 1072
19 160 504
562 168 84
1167 1439 709
1194 1383 858
761 1239 1048
781 555 76
62 369 505
174 99 254
1259 1420 836
1402 190 1202
457 740 1210
626 33 1174
922 1217 748
1288 1209 235
31 106 1478
800 1070 886
1254 1414 638
286 584 1330
594 1300 1354
1107 667 721
220 672 1147
1100 609 841
15 1415 210
8 123 822
1493 821 1482
399 772 374
693 1053 1207
1025 1489 693
90 189 1400
297 769 1344
1359 238 727
1069 298 805
1148 1222 1233
1144 1408 668
50 547 1027
753 13 503
932 977 691
526 1346 582
1417 275 545
678 873 215
1009 897 289
133 859 267
745 5 1425
228 650 507
369 175 396
862 1256 1451
1428 314 362
1281 319 1209
790 714 438
1224 1297 727
841 232 127
633 83 1382
1251 645 1347
958 602 747
34 774 880
1420 1027 376
534 283 494
937 326 38
313 25 1342
1297 1203 1258
1259 1306 166
359 112 778
1151 1071 966
1254 828 842
217 1298 114
1219 778 868
1066 653 693
1372 677 582
1375 243 221
510 1098 1141
1249 743 637
1093 37 610
118 230 618
1282 139 698
62 851 539
1459 1040 404
1482 969 909
602 1317 282
468 46 1153
1040 1164 93
775 445 979
1026 581 215
1325 950 577
675 1258 676
1216 59 267
731 583 710
38 271 1457
92 29 1140
113 1197 365
601 459 161
192 749 601
699 51 1255
1229 1146 1227
1439 1361 966
478 994 695
405 714 1026
1026 405 774
722 1349 168
1085 1121 1073
1339 1233 105
338 1067 412
763 535 1312
638 1195 98
512 1015 135
770 835 545
731 4 1021
607 1412 1279
1238 1103 1013
1064 618 1307
1500 152 1130
39 783 939
388 13 910
1423 1338 1160
1092 809 1203
352 1278 102
353 712 1212
90 502 1001
988 229 27
922 1488 853
328 489 475
215 847 455
83 832 837
620 170 134
1363 407 544
253 906 553
221 381 930
551 1340 724
125 452 1005
441 1490 1124
1483 1105 653
881 431 609
607 559 274
552 328 923
1123 248 1399
297 1215 1201
950 407 798
516 936 67
286 335 1396
524 1477 957
678 727 1421
1208 1030 260
1128 426 387
249 476 1019
258 414 1084
517 593 1388
1252 308 221
704 1048 1450
1256 1185 1030
595 147 285
37 1048 1000
108 279 455
1282 1247 279
923 593 409
809 53 1023
1292 577 413
158 709 1431
1459 1133 762
128 1332 437
1180 138 86
1138 410 229
155 41 76
1328 1480 1034
640 339 576
899 293 211
698 1294 813
207 930 693
352 317 681
1239 1489 160
472 422 970
184 1467 592
257 1110 965
1169 360 391
185 929 84
333 867 941
267 464 1396
932 1287 1352
667 1450 603
1261 384 1159
1467 707 427
975 209 336
1171 321 1252
1070 379 418
539 385 1351
768 1479 1028
922 692 1381
94 1445 1308
508 41 1002
223 648 1144
226 1263 863
470 741 991
1356 306 520
288 364 468
467 479 842
210 887 890
1221 1144 93
1443 1362 472
939 818 288
710 1300 477
796 243 238
368 141 91
356 256 545
357 946 741
1498 651 282
566 206 1115
1448 928 1495
1277 766 671
747 282 1292
316 264 245
317 1082 268
1034 829 281
204 1445 456
375 609 30
1403 436 1439
287 394 318
415 1445 843
913 805 1480
1192 1207 307
717 584 125
12 477 804
1166 707 1086
919 1120 280
25 1468 846
1435 996 971
576 195 777
966 1263 134
1009 961 165
587 996 116
936 1449 38
620 639 963
874 751 539
342 594 29
1407 419 759
213 66 615
1128 572 1106
43 251 1228
229 1262 971
237 526 105
966 784 444
1406 1127 1133
166 46 1107
781 1432 859
184 848 1210
582 564 27
250 927 436
163 292 23
1199 599 1469
228 826 947
770 681 215
848 403 1151
83 424 546
1188 1308 797
331 92 99
45 345 73
1190 706 1239
725 718 850
549 1261 779
651 89 950
68 779 1173
844 49 1429
77 764 1079
336 117 336
481 167 647
1492 434 927
86 251 891
194 789 771
787 58 551
328 911 709
291 242 1258
667 75 1175
149 413 876
217 659 815
660 543 1338
1164 449 392
1251 897 194
1179 609 971
1438 1304 303
2 542 839
1131 595 1394
1494 555 889
705 1043 607
1070 1082 1142
828 202 1500
1024 39 559
1335 1102 1203
901 233 949
637 711 408
594 1478 1277
411 991 889
1276 1390 61
1392 1140 334
1307 1040 652
70 74 937
328 1196 821
396 1103 1314
508 23 253
949 1009 263
1009 291 638
548 832 567
197 907 1463
815 191 457
606 1012 1369
654 1440 323
443 1430 1436
528 41 377
444 48 1139
471 611 591
210 472 954
1243 833 323
921 726 861
219 89 848
753 858 1348
1476 431 844
603 1251 1281
1248 73 779
1220 218 492
1261 257 1090
194 1200 521
850 374 826
434 945 836
987 26 843
1001 1333 507
146 54 1198
1396 748 5
320 135 1132
124 1245 463
491 376 542
440 1049 1056
963 1169 717
470 983 608
288 841 766
134 291 309
637 678 1484
907 1464 746
1121 557 129
1067 956 57
1422 962 1487
1161 917 161
239 879 1385
835 589 980
471 200 606
367 1466 222
375 1079 1335
301 849 975
1459 258 1156
1059 683 1100
1066 1207 303
813 705 89
698 637 1138
617 479 298
1125 1116 465
661 179 1322
720 609 1172
283 1322 1107
1224 713 679
171 267 523
269 1459 369
163 447 470
1254 205 331
1098 1323 82
1412 116 387
1222 238 89
1079 1141 363
1067 195 913
366 1257 1180
566 1107 259
1 1485 1387
1403 1412 1452
308 408 227
187 444 532
113 732 170
550 1207 888
436 547 941
1077 312 694
91 1165 597
226 608 1380
916 878 1094
1381 356 1152
1435 384 1106
317 404 934
1201 1042 1157
1274 1224 1185
1033 1224 282
179 740 1483
638 1391 962
1178 1302 1197
914 1331 304
600 499 598
99 618 281
869 875 1189
449 607 170
1349 427 547
736 908 468
472 206 529
921 346 1450
1260 1099 1022
309 778 565
634 6 765
291 312 921
518 403 354
544 1349 206
261 558 851
147 1491 1159
527 887 602
650 340 306
1163 859 1202
438 816 1370
373 377 871
1430 556 493
1078 1285 1263
436 477 1331
1049 1030 190
1134 368 629
324 1446 484
995 587 732
1453 776 1040
426 202 352
305 1379 1391
1434 1261 1224
327 1126 690
1190 1208 933
348 720 863
615 429 293
49 527 125
1228 710 965
1066 1466 382
974 977 736
1154 1454 219
10 844 588
772 112 1273
764 1189 67
3 1461 964
1374 167 352
419 1386 999
1486 1120 431
1114 197 381
895 805 1099
220 628 68
462 1296 1131
1144 91 739
466 1125 264
1026 954 778
111 198 497
1306 1113 854
757 731 724
535 2 155
439 1157 1257
237 1470 411
387 973 1289
153 1472 71
426 881 197
100 138 350
229 813 310
1185 294 1149
641 1388 175
78 1060 951
31 131 1175
641 139 1389
361 1277 48
595 329 920
554 386 1137
1428 1229 1178
805 869 879
976 314 1183
1392 149 1131
834 560 1115
1274 102 686
1496 553 823
1461 153 656
596 1221 1269
1089 968 1355
164 1113 1468
150 931 612
1396 584 324
128 546 984
986 491 766
139 772 785
1197 874 1047
909 717 797
240 828 1489
873 579 1277
773 1194 153
1000 1479 1362
1111 643 1476
68 578 345
1455 993 584
727 1495 1029
375 1049 865
445 1382 454
171 348 1304
99 968 73
573 68 635
992 290 1268
961 1013 288
313 935 176
1076 118 876
48 991 825
1206 485 126
1315 65 993
1299 183 1360
371 1424 1488
1052 365 162
524 261 752
118 468 1257
920 856 297
728 166 1294
889 1470 799
899 1245 846
1351 957 88
311 929 911
421 383 30
767 1388 1118
1465 502 370
586 203 566
654 1095 1209
389 955 1291
367 1169 129
372 1138 1116
313 363 817
102 1056 182
1087 1118 226
264 149 914
668 454 1126
214 1095 697
76 267 218
483 509 301
495 72 1500
699 956 625
1445 1225 267
1102 32 728
804 426 528
1060 590 262
1350 1413 285
564 901 24
15 506 24
212 876 272
607 259 379
895 660 105
416 597 804
1259 874 856
397 707 1091
1296 888 1143
142 1140 376
1340 778 1358
753 1397 179
772 1086 16
1085 1448 864
940 1500 102
23 243 1203
708 132 836
955 472 486
710 1459 1412
728 369 952
1056 406 275
1208 356 881
824 1342 538
635 1285 412
287 112 810
870 759 894
801 305 969
504 863 93
423 541 383
938 13 840
1420 92 130
661 1406 918
1091 1331 271
389 1296 1123
912 485 134
656 1372 1486
1101 762 707
466 40 1489
424 1316 890
1054 3 1429
1086 590 1288
945 36 1252
313 128 1479
256 96 366
1450 239 1236
916 1242 1052
110 1020 310
863 749 1270
844 1232 232
1252 597 478
980 139 785
492 1302 405
1282 1452 467
787 1278 629
1042 856 918
1159 1300 951
881 375 65
539 614 1149
594 874 1158
