3000 3000
32 253 1249
900 624 1090
537 1101 1348
693 47 160
1304 1282 1437
310 434 1217
1483 590 234
705 370 1429
137 66 288
1113 1173 1309
1456 626 703
657 389 1127
1369 1115 1411
297 727 1049
1086 682 811
757 1189 708
839 1499 1408
1000 223 729
1469 1130 622
417 29 148
1291 425 1222
1448 348 1198
82 883 988
606 904 747
391 992 663
1046 318 339
1168 1271 1035
987 426 188
183 96 608
1256 397 215
842 814 536
779 1028 901
225 187 976
1366 898 858
1117 1219 839
1105 1164 372
1016 1373 1326
1308 718 1322
518 1181 37
370 37 448
701 623 1270
336 329 405
959 400 1413
1093 922 837
590 537 31
1494 647 518
829 95 1204
303 444 490
528 218 1071
904 173 1267
186 712 1050
1255 355 936
1144 1 633
867 710 518
399 1001 182
417 686 188
254 425 605
1249 1112 269
1044 104 122
1117 1224 1283
204 213 99
1085 470 797
967 105 77
882 566 1370
631 61 81
1216 1446 476
1122 1343 958
250 159 128
1267 1071 1496
694 704 1448
184 1461 213
445 416 1199
925 962 707
701 168 1253
750 1318 210
1314 359 365
1470 1087 972
1225 1247 684
18 1283 570
841 1002 724
626 774 941
1007 889 1404
1244 839 663
958 640 1074
761 532 253
666 738 380
472 28 481
1461 1185 473
1100 1492 922
1391 607 1409
999 1224 1289
1063 1126 1219
996 947 1059
255 702 2
1414 99 1031
188 479 1194
1419 983 167
1215 1357 510
1459 128 227
902 827 884
1267 1025 528
256 103 1110
789 385 1419
757 636 648
700 1411 195
1009 136 1396
563 355 1296
1235 116 1408
1264 1075 1078
985 1382 940
41 425 287
782 703 273
397 521 398
456 1480 461
1015 508 669
1200 1067 60
986 525 257
88 630 1118
112 603 801
43 688 427
998 189 352
839 114 1428
849 332 1045
97 1160 603
530 1118 807
1407 322 177
1226 1239 1407
970 882 1223
608 130 400
155 686 541
894 250 277
1203 1009 413
728 1173 1204
497 1443 1463
151 9 1316
1122 1484 727
74 206 628
159 876 642
992 935 740
984 725 483
964 1332 887
754 1456 326
597 729 235
1062 1011 1468
654 28 380
1492 753 288
1227 770 631
864 131 1218
168 550 7
666 512 707
909 163 549
525 1216 80
1171 456 695
222 181 524
570 1308 1020
1167 93 381
50 107 1093
825 445 1056
760 34 441
1094 892 509
1106 888 741
499 1029 1428
421 798 1117
1475 90 845
1365 980 462
870 1409 815
164 1223 800
184 678 1317
179 1455 1452
848 304 820
127 1164 1484
793 1493 954
1031 250 361
1426 994 1277
163 772 531
641 889 334
864 1468 634
462 1020 1008
1107 1286 1235
205 641 956
854 466 45
807 1127 539
797 47 359
797 1485 178
695 106 548
839 1057 169
297 283 713
57 543 1327
37 280 90
544 1307 1027
880 591 631
382 17 68
674 518 1465
204 682 805
733 1076 1111
641 32 881
1362 1398 438
810 536 1119
1038 744 523
1307 1397 267
1036 1174 418
908 305 787
953 627 830
70 1309 12
232 708 1146
179 943 632
831 962 27
771 1427 1375
1115 187 204
40 366 4
45 1003 1037
621 717 1032
1132 1389 334
1440 36 891
989 892 132
233 835 1425
766 857 1316
287 29 1108
1364 301 1488
31 1132 810
206 298 908
1317 997 372
1334 1119 1202
712 461 1125
691 421 1145
1361 1446 79
146 371 1500
837 1111 1062
907 708 1439
202 1480 979
255 127 1113
1147 1444 395
516 788 90
698 1070 932
149 631 1200
863 837 448
731 612 1307
69 1031 126
933 1002 583
1192 407 1293
1080 174 1192
466 38 1205
819 1050 712
147 719 1022
290 1191 27
1173 490 1437
545 666 491
271 1070 739
1469 838 210
1457 889 350
297 1159 1075
421 1333 25
777 310 586
1343 1222 1282
1110 390 874
722 88 868
1425 939 908
163 1356 177
707 1420 637
1303 1113 1018
693 408 703
645 249 401
880 1022 945
152 1088 1471
1380 1359 571
447 188 1399
789 1426 1385
361 321 1374
1268 157 851
673 447 1140
1380 1 1291
704 1310 508
586 790 261
581 628 47
942 3 787
495 1158 102
657 1304 450
329 1289 507
765 436 561
834 921 489
1203 1049 1498
414 1362 1194
1285 565 571
772 893 1010
1439 790 87
770 1310 83
275 275 867
1339 957 1196
1229 1254 689
865 221 1298
126 1406 488
919 401 207
879 828 1401
956 740 35
20 681 890
258 293 221
1238 360 38
482 1053 1367
443 480 791
1390 281 1245
284 795 958
514 1426 460
1398 862 1481
1096 508 645
545 106 620
1057 1393 242
1086 921 425
17 287 531
1492 148 615
948 1390 1072
797 335 1205
673 549 23
1292 167 241
482 942 1451
944 246 694
730 874 1385
651 704 812
1232 1442 507
443 211 883
14 789 964
574 1221 737
556 315 924
1001 498 1401
509 418 689
629 1246 122
630 200 1428
597 385 555
730 914 92
1092 904 1455
196 299 1042
541 1246 943
1223 816 353
990 271 1240
298 592 1008
253 822 231
214 1336 1298
990 797 1031
1165 359 1030
582 1081 393
1437 671 1143
364 167 1453
556 599 762
1332 362 1282
494 42 629
1145 1238 1074
120 668 1457
317 1111 521
620 414 860
609 1307 835
307 453 187
1072 1001 373
1457 1036 1498
88 103 84
924 384 1299
433 580 574
1001 117 841
1344 808 404
416 766 27
1073 818 1054
1282 1273 237
258 1241 1103
812 258 892
472 588 1236
469 803 68
299 583 1238
478 958 369
1294 217 115
395 1292 769
608 913 823
510 793 1174
1228 1206 1087
192 184 877
771 1133 83
819 615 92
1375 850 142
1328 916 828
789 256 167
1352 469 1071
378 247 1010
407 663 731
1246 842 911
59 1495 146
1095 1014 526
899 1006 826
1252 1074 1332
1220 480 199
646 1447 580
999 798 141
426 841 199
10 1157 928
993 691 1472
459 80 274
974 301 561
655 68 1413
827 1353 1172
178 1235 109
1394 24 423
460 619 1020
877 1446 1447
36 566 1313
671 213 1367
527 460 1454
478 1201 1254
1284 782 486
488 502 1059
1193 1215 240
206 1195 625
731 115 1081
640 1047 259
768 1355 1430
1329 31 1224
1193 615 875
461 1115 728
465 144 1314
1327 449 528
364 971 441
861 1409 1389
564 585 923
559 915 615
480 804 389
286 1 641
1055 481 379
409 1353 646
830 244 1280
566 1382 1464
1381 71 134
853 142 1125
1276 1073 1019
695 1142 1198
96 827 331
705 778 272
751 779 659
72 61 96
217 1098 1180
217 257 28
930 431 831
788 95 597
779 1069 513
721 892 313
747 279 75
699 617 381
358 1033 192
1463 983 1093
260 1042 258
926 685 900
1253 1025 1012
94 875 52
1400 898 798
135 328 707
373 1189 1032
58 481 1483
1362 489 234
261 1200 49
912 1234 1022
453 447 1414
681 1137 34
1246 1426 1004
477 1343 593
1225 930 1348
629 1168 1182
1358 242 1138
953 1150 79
1492 812 1396
1254 711 235
54 1229 1243
1216 214 432
525 443 140
1218 941 591
685 450 111
964 964 1391
788 1 786
1444 1439 701
1121 913 386
606 947 288
1071 838 1423
991 798 679
1318 404 723
866 953 715
1298 155 1021
1275 684 555
914 155 303
199 51 378
1149 357 104
1402 819 903
769 641 1173
156 1229 643
336 1486 590
130 1255 1290
76 816 929
32 962 610
1048 982 1439
175 339 568
812 1222 1006
316 1313 190
1332 444 1107
475 570 939
517 665 853
187 552 568
373 346 456
877 1402 793
390 133 687
13 1040 1481
158 1219 605
218 1360 563
146 1450 665
1169 1082 1171
607 1353 883
1445 741 531
1279 880 669
160 1293 1294
1388 522 1085
121 617 841
123 426 996
621 400 323
805 970 778
69 39 959
657 518 184
1080 1433 1438
1048 1045 490
547 57 1254
742 40 784
1197 1014 21
622 1473 1383
329 789 1238
916 1400 1240
185 159 979
1026 976 176
1372 1295 876
945 1421 1266
1162 1325 969
967 736 945
1041 944 1044
155 1498 1335
210 558 1300
824 538 1338
917 1198 1471
903 690 168
998 1121 567
450 927 1004
592 849 532
1192 745 1143
1013 99 269
1356 272 906
254 449 1242
1305 1013 1401
356 199 758
658 197 1406
165 705 1310
546 814 1192
655 434 242
619 301 1427
62 1433 851
47 261 424
724 1318 197
407 332 1021
110 731 70
338 722 961
1275 617 1164
258 466 1138
1460 1451 1110
979 1457 1134
775 748 1275
901 862 1455
756 815 1036
969 427 1
1286 433 256
895 513 1280
1485 537 459
103 1000 1411
1110 1253 1478
1139 945 445
271 104 742
438 923 1483
1478 210 557
274 1032 871
1087 92 51
893 964 951
184 916 846
536 398 19
208 685 937
523 574 1475
1374 905 1042
930 994 438
362 429 957
1416 1017 15
1467 1163 274
559 899 1317
1180 1189 53
447 1090 467
482 1 868
488 1342 249
1242 799 168
74 909 1409
951 309 422
1468 426 440
205 237 1051
55 286 564
422 129 917
716 105 230
551 156 1001
382 120 1447
657 1132 933
1179 1274 974
1498 1339 59
175 826 1445
1330 1151 225
490 1299 865
750 422 530
438 235 1376
1216 23 771
194 343 505
317 1123 915
1180 792 754
872 1405 1475
101 463 570
1391 790 1413
1392 1019 10
1304 1376 667
1393 33 597
1142 1499 751
114 694 1486
688 517 604
219 1169 1023
748 524 296
1074 1053 96
257 1429 606
1120 844 228
711 545 206
105 41 832
1013 535 742
218 569 1227
1105 533 806
1192 1198 645
854 224 977
734 963 477
429 625 464
1490 426 483
787 536 1493
1163 364 525
1168 1438 145
1076 155 1461
164 461 749
817 1095 630
19 1010 1153
613 25 922
807 882 71
1135 416 858
81 420 1025
371 351 437
519 1217 552
1423 7 806
704 1040 305
215 252 1430
486 1185 786
536 503 1458
565 13 1432
1212 38 271
1282 835 548
541 1211 1017
8 350 450
851 607 779
672 622 581
176 726 292
129 1266 1275
874 790 674
482 1156 180
1395 1007 710
592 652 1275
1243 1183 959
53 1096 1217
802 388 715
326 641 1077
1331 1458 47
305 1173 12
518 356 21
1252 79 398
887 389 802
512 1101 1018
510 823 570
960 954 51
869 1042 615
1461 1254 1145
587 308 512
1250 274 455
1326 1271 1378
423 947 1227
32 571 1290
1269 309 239
71 954 791
257 955 1490
2 144 618
1235 845 1323
1494 692 1328
458 1018 1445
373 532 706
589 956 26
1155 1324 515
1188 597 1389
1452 423 792
191 1382 391
1299 618 434
13 415 663
155 1094 550
1158 887 1467
116 1057 29
283 340 314
567 83 1418
1091 1214 227
1105 185 1152
5 749 138
1084 1053 1478
8 154 973
23 1186 1170
1042 256 923
254 177 1392
804 1435 271
832 747 355
1256 65 1390
681 861 261
1228 883 1094
1088 1231 1335
204 454 206
1313 171 1201
1172 730 1196
702 1295 1068
1416 668 990
638 970 973
1283 327 1146
812 1405 1445
453 682 1224
851 639 964
1338 860 1058
1257 505 136
1071 734 239
1050 807 883
930 1496 1166
426 469 109
805 1145 187
200 143 186
752 1235 59
535 343 401
90 1098 917
690 1045 342
1265 1474 1470
1356 128 290
541 726 146
1487 1497 1493
262 340 409
316 736 1059
964 455 386
931 267 1094
66 904 824
585 239 876
783 1035 1488
1368 803 820
971 821 284
413 1442 526
538 403 518
379 929 1355
993 1298 1172
1079 775 295
820 587 1073
505 530 79
249 638 1342
1453 646 1480
274 876 509
395 1183 815
1161 1251 1484
1145 384 293
1412 8 687
83 1193 806
395 1382 644
1254 981 414
1214 1272 1480
544 1065 1160
795 799 193
245 1012 1207
535 940 586
1476 941 1232
733 813 616
599 282 365
969 383 717
80 1474 1256
1199 968 970
240 1492 199
1183 1334 900
796 500 383
728 941 127
73 1412 901
1263 1443 980
84 92 345
1029 987 1353
243 87 464
434 1153 1105
682 1261 1369
852 348 660
1460 363 1307
655 53 925
105 977 1185
1162 1294 1445
510 1136 390
476 1353 893
2 764 618
748 866 577
305 5 1234
578 552 1102
638 213 681
186 1209 1244
416 963 470
1003 375 305
907 824 1136
891 1062 467
1272 489 828
1411 471 543
466 1273 711
300 331 790
617 176 1393
460 28 780
1421 939 172
411 728 110
325 1241 1332
1016 1360 1225
980 208 433
26 1168 402
1241 98 1139
771 27 759
418 871 415
144 701 1008
1353 6 637
729 61 846
1446 1241 321
467 263 31
608 964 12
736 305 397
14 409 93
1019 1248 1025
1236 153 1331
562 569 1205
1471 690 1133
782 1212 946
219 207 916
418 1082 118
1093 215 1356
1125 498 381
1395 949 686
915 1495 419
1242 1282 905
63 945 744
130 1049 345
769 1259 241
1422 780 1084
1128 1128 1203
353 1294 1122
436 79 3
645 1160 606
303 314 496
599 274 821
406 325 244
873 153 1175
867 1419 468
444 1177 674
961 1353 779
1456 1397 549
435 423 196
451 747 328
996 1027 835
799 627 554
752 1364 1258
1296 1379 863
529 808 365
1160 528 501
220 1207 1075
1158 1150 454
1155 1242 1129
1078 362 1414
196 186 353
764 546 854
517 813 551
1372 453 542
745 189 762
817 1346 253
563 446 921
981 1094 383
1431 1170 1456
774 421 773
1076 679 1212
1197 629 85
1278 57 768
1228 1457 565
1480 1399 1047
1170 346 1227
566 68 209
282 42 796
994 733 1367
1488 1194 183
682 502 1088
368 1007 1065
393 1151 845
197 1099 706
1435 1130 1362
308 165 1161
291 1140 801
866 1322 1253
390 1059 1376
283 530 790
1191 109 959
298 764 685
1002 430 1225
948 688 930
1004 907 32
96 1071 548
1323 1140 478
1065 1175 119
1161 666 979
668 1206 200
440 389 756
279 1499 1202
1007 289 892
1337 662 83
622 225 813
660 1357 1227
1500 106 1176
826 1175 14
1498 493 235
1186 252 313
225 355 1171
973 719 1283
348 424 1325
1073 1439 1498
1163 82 855
1280 1025 863
1428 738 1027
1492 1050 233
1377 557 136
291 37 852
978 328 1041
108 837 431
1262 909 1259
1349 102 1171
889 1114 915
1250 808 1434
613 376 125
734 1020 1116
1099 1267 242
919 515 251
1216 1345 845
752 887 535
23 903 1084
957 1160 761
482 1495 740
273 872 317
495 805 692
47 1364 721
271 37 1418
553 276 596
1289 350 1140
1444 251 219
1498 1033 134
85 386 650
1329 736 1235
905 111 959
105 155 304
1279 748 202
1500 1228 1014
377 1294 773
1263 635 884
915 200 0
1422 466 490
657 857 1196
239 101 1190
1326 503 1497
535 434 432
443 1360 579
1027 1209 470
881 1283 156
1331 499 108
238 1292 254
1444 338 980
1429 358 251
1117 370 1246
1470 865 483
1468 935 601
1293 1203 1480
617 1251 167
126 1005 16
696 1021 74
991 572 393
1477 106 347
313 775 1184
604 162 1359
878 711 76
81 1451 111
781 731 591
120 514 167
356 133 272
557 915 437
957 1485 902
176 107 960
336 708 649
456 1353 1344
1412 860 1453
1362 882 1449
950 616 141
1298 1362 378
801 826 245
683 244 866
251 873 1334
369 663 1100
306 801 549
1160 505 1114
1323 1323 581
832 532 895
416 560 80
382 133 710
1496 198 1266
232 1173 964
57 483 1389
1048 156 1227
744 363 1207
5 275 371
87 1280 805
820 491 1087
1417 1275 344
548 1009 1449
47 1451 835
1439 235 431
329 1455 1000
1185 1160 480
235 699 1418
757 288 1186
1156 1484 231
1066 601 933
175 1449 873
364 719 752
869 232 956
709 449 424
606 440 998
429 1408 763
794 1205 309
1055 1314 1198
723 710 598
1280 943 1494
485 1433 882
1458 403 758
931 1451 1437
1124 1464 210
1027 1001 863
73 344 1279
546 108 658
627 476 975
539 470 189
689 1411 556
1033 50 861
101 190 1467
1310 26 485
1466 778 459
862 527 684
1395 1203 607
1215 743 157
302 1403 169
676 304 304
1130 1150 1015
1060 589 433
1266 1177 559
97 904 1447
917 1048 87
1195 628 1161
1135 292 1341
606 732 585
864 814 1498
1275 224 479
1252 899 1339
1246 1400 684
286 1251 1402
396 1324 1360
1117 312 1162
1349 1032 1380
309 1460 137
74 54 700
1198 999 259
727 863 1459
1368 89 946
569 893 123
752 419 1089
1148 1357 563
656 17 788
1013 1475 1014
1327 554 318
1275 123 946
651 501 491
1225 704 404
578 1128 367
522 1192 1473
1366 750 316
1008 1147 428
1127 550 720
1023 145 697
221 810 219
700 64 94
426 299 1234
87 484 424
500 628 66
1305 1277 1230
1116 795 175
1214 353 130
1255 33 386
732 1278 111
1147 630 252
280 593 405
1234 505 1177
1405 1163 1189
156 1036 766
583 372 1229
1271 265 1044
954 116 155
1096 711 995
206 1265 48
872 312 499
1026 198 696
452 61 651
1452 311 222
436 682 141
1 1031 1002
1211 1362 775
248 1243 1012
21 763 1098
40 381 1127
1173 1312 137
308 536 220
538 143 1436
1083 479 710
1497 1190 784
1271 542 869
602 401 108
1006 1473 198
790 574 1327
588 462 71
1370 94 1023
61 860 75
1486 847 531
68 1177 696
1178 300 662
332 1200 1500
752 1277 1121
951 399 207
169 1050 440
474 69 1046
1224 779 119
446 94 1137
1086 1338 684
1088 909 1281
1343 218 806
683 572 425
578 873 1147
573 364 1342
1151 1447 922
30 165 941
600 485 521
240 579 445
524 1019 234
536 1241 653
539 266 293
974 798 579
208 1192 272
649 237 705
1150 73 667
1344 788 1006
1212 1236 611
750 1259 197
336 9 152
915 321 584
1252 153 562
1023 583 1107
870 503 77
1210 1406 278
1116 744 358
286 384 444
994 1260 830
373 1403 1423
1316 426 1416
576 456 824
1154 1211 81
1092 346 1266
601 606 89
608 24 272
1004 598 858
1170 558 671
1413 301 1180
1353 886 207
823 869 888
503 899 525
1288 155 407
71 940 198
1418 1288 627
195 392 888
1059 651 1053
1218 1424 401
35 669 1426
796 565 1022
877 940 567
134 1453 4
500 590 1151
1486 355 315
700 1125 520
499 173 933
1253 1057 306
709 816 928
1102 115 471
432 1139 286
1241 1141 434
1018 712 532
960 1465 1157
613 1488 1043
575 399 84
1438 421 886
815 733 763
253 892 1281
707 921 164
752 918 862
1493 353 508
900 663 692
589 1414 1404
1270 1058 10
597 1095 745
434 845 1362
1239 1399 1295
231 350 440
458 185 1080
1173 753 841
670 136 475
418 1445 1108
233 80 687
560 1122 34
1304 1422 413
929 142 572
1226 383 1400
279 1062 391
256 555 125
1307 1335 834
1120 1266 663
853 1384 144
1275 751 1241
279 808 243
1348 324 706
736 348 1143
1369 223 971
1302 271 1375
864 1303 1051
1000 881 781
510 411 217
867 963 1150
1223 379 945
360 1238 1456
819 44 927
1061 1111 290
1107 948 1318
764 184 197
1400 1486 424
993 707 410
917 459 627
18 395 599
1379 1202 1046
846 1167 605
56 1402 929
1466 1488 1397
220 520 1102
525 579 528
634 1055 284
688 1122 874
1219 983 709
1029 931 1127
1340 235 854
830 980 970
524 78 1276
1378 1489 1035
1117 1439 265
701 186 172
701 426 180
476 971 206
651 179 1397
581 797 1399
874 1371 700
563 198 392
1343 1162 367
655 1113 730
576 36 456
404 1440 987
498 1482 141
1053 718 316
858 173 672
359 1484 1090
661 217 815
189 778 1180
237 288 21
455 1036 615
879 887 213
1182 1213 1241
357 440 664
554 706 967
868 1116 597
1285 517 221
1465 908 643
711 439 678
1452 21 665
1066 693 1282
247 648 76
540 460 748
41 1326 371
429 208 83
1255 568 292
759 358 839
70 923 698
1382 1322 69
518 1074 562
547 306 304
269 1104 241
215 614 692
1445 1248 895
443 797 1471
242 357 198
414 953 889
176 857 459
1327 148 385
784 1478 99
1395 354 512
500 897 1434
1471 723 975
1256 443 416
620 567 534
655 1475 1056
652 1386 1302
48 320 1089
1330 435 931
1071 787 1395
1232 224 604
674 783 690
349 700 1152
304 691 1201
380 952 611
769 813 1392
1147 648 1287
395 597 536
765 636 735
840 1021 811
645 347 1286
799 526 1280
1456 1456 1485
789 611 363
1203 59 933
1189 699 789
61 1499 1349
299 233 432
78 1234 631
11 633 245
1398 616 814
755 1112 18
1079 1135 213
1141 1153 217
1196 233 4
768 869 624
1078 724 789
849 615 271
1419 591 295
1130 533 361
1159 88 194
1488 659 88
286 285 1011
745 1342 973
856 818 1451
656 1474 1246
444 870 944
626 1235 290
1247 224 103
199 1314 1295
1452 876 340
168 890 1053
962 599 1338
405 545 852
1086 1263 626
599 1404 1122
288 787 1481
789 522 88
492 194 1481
1190 1393 1499
166 1082 580
90 1137 495
428 788 776
719 993 1203
654 1086 564
1116 1300 192
675 133 527
20 931 897
210 538 1332
544 663 1067
150 315 1341
1050 96 585
5 1213 625
225 720 1000
1143 955 1249
1197 214 1025
1114 733 612
791 1198 1063
202 305 1207
1074 45 855
1466 754 285
1234 675 844
253 1411 1097
556 1106 1461
1275 984 76
1355 611 53
1197 560 1062
1303 515 238
1337 661 796
173 939 886
242 1361 1206
421 587 1262
612 1387 306
235 706 462
505 279 1023
226 846 856
1339 1033 297
1328 703 1341
300 1092 110
638 819 484
555 464 787
943 1116 229
302 227 948
80 1197 531
1407 800 1028
665 750 46
84 130 1410
282 110 315
271 811 612
1100 869 542
324 131 208
218 1203 470
1435 469 23
242 1182 1358
983 708 688
1491 1477 526
222 1081 1152
1 242 428
709 627 1227
1377 788 19
758 71 12
752 825 678
1436 581 1116
562 953 1049
1278 487 198
602 947 165
877 1118 936
202 1135 282
18 989 1052
362 614 41
274 1110 551
1007 1118 120
1006 134 836
1279 712 1316
991 1486 1483
669 1335 294
874 1134 621
1213 454 296
701 305 323
848 1136 24
1096 823 1245
4 1197 89
1404 868 1388
1339 517 849
594 1 1177
1451 533 667
468 336 37
21 1166 1197
1218 574 1023
760 1428 46
1237 1459 678
1474 842 109
428 196 196
1387 372 1113
1170 1265 539
935 596 645
1375 1321 701
180 1204 397
719 352 3
977 1440 359
1115 1063 1169
1053 831 309
1311 1286 649
72 1412 1483
1306 88 1208
1456 1458 159
565 962 943
403 1288 312
648 1023 818
952 1315 1468
1201 1308 1069
1463 1126 802
744 180 98
1326 394 1135
966 21 793
320 535 1043
852 1130 549
1002 739 1239
878 1159 1063
450 1338 1393
104 1323 959
416 660 1253
290 1305 1345
384 146 488
994 472 1096
921 965 1224
387 926 1300
622 779 297
1432 236 56
1057 290 478
404 210 88
793 1384 1311
1023 1349 900
454 616 824
469 285 941
1264 641 463
1123 970 953
1137 98 864
764 939 434
1011 1410 361
479 532 950
684 9 1176
998 300 1216
1255 1309 995
687 1168 1075
1151 639 636
1196 1310 98
988 1420 438
583 1000 1360
323 968 1197
858 1140 427
143 781 234
1303 560 1020
352 935 907
840 1056 511
1040 177 1218
36 1359 384
611 1267 205
76 871 704
761 964 718
168 258 1063
1384 56 499
696 136 667
529 637 696
905 200 684
1029 1008 400
853 1138 1208
1074 1476 1422
405 404 906
86 345 1311
23 222 179
398 602 1045
387 515 535
1190 65 1184
1154 541 69
1072 1341 1417
822 746 123
1199 920 316
972 1402 831
1277 381 514
1206 1243 1264
253 205 808
472 1343 1281
1414 515 562
395 693 326
1481 448 911
1287 1357 92
1283 257 1198
942 1341 923
1464 1135 641
806 777 565
982 537 821
619 1050 575
1146 554 74
323 1288 334
704 409 149
1161 1029 1397
493 1239 1012
1111 406 726
716 750 922
61 1314 1223
704 182 1394
172 1295 1273
839 576 806
554 1354 12
936 326 1155
706 1354 934
590 574 95
627 14 751
521 389 429
604 182 150
1062 1134 823
834 15 595
349 357 243
988 165 1013
908 684 416
276 770 1313
1119 435 1418
1459 299 613
324 1486 174
801 1426 1237
437 239 1023
419 420 1430
204 547 744
210 1112 259
1462 840 1342
709 777 1046
1016 225 396
392 771 334
10 358 1026
1203 52 509
461 1455 744
1278 1068 107
419 61 1296
769 625 923
1017 87 180
974 184 769
102 829 652
574 432 354
742 20 1268
437 748 521
465 1471 749
94 517 1326
91 279 263
857 996 1117
383 1417 571
22 1066 16
793 664 310
999 979 1208
609 1369 119
1344 691 1462
586 278 210
204 646 1303
702 141 1482
1303 603 88
1139 238 74
216 192 569
213 707 1462
901 193 136
1032 689 8
469 849 473
729 800 955
900 1337 815
1373 1315 871
205 479 67
1026 939 1458
35 93 210
526 705 780
874 1164 1349
351 1192 1132
918 530 121
482 154 379
505 560 1300
517 629 323
1107 1456 743
752 1388 1069
398 1158 21
341 1227 753
1001 105 418
226 454 459
699 917 42
1395 420 1225
625 1057 402
331 355 1473
480 557 1005
1146 1288 802
696 34 77
719 514 364
337 1374 29
451 218 118
913 77 1305
1228 1412 382
536 249 977
210 1354 1216
20 1353 888
4 410 759
769 925 667
386 1275 1109
849 1330 325
97 1040 560
683 16 991
796 621 950
1477 469 505
23 113 584
1137 274 257
490 491 973
734 994 157
109 1148 804
1049 693 686
894 557 1159
1398 943 338
421 555 294
436 1318 1416
290 802 1219
183 368 63
226 1218 952
227 508 1427
69 945 169
609 1219 411
704 11 628
785 1150 963
487 406 1020
451 1416 855
452 1356 2
1169 942 1427
496 962 372
1189 291 975
1430 820 1062
1054 1231 1273
959 729 244
1057 185 326
333 1017 558
868 179 361
1229 1475 1117
305 205 284
370 693 12
828 818 367
999 726 1046
497 1148 188
1098 1025 369
1443 1158 162
728 223 789
230 304 138
852 823 450
1087 1059 971
670 695 357
22 580 691
115 1483 478
515 65 1065
829 799 162
1365 991 368
1342 1220 343
1001 152 994
1 270 404
1348 915 975
764 1023 686
1253 960 594
384 118 381
1080 1212 560
1019 284 1403
1032 1362 1056
804 502 625
161 685 397
784 372 142
1365 1153 797
961 735 536
1496 489 1218
549 886 230
1355 796 413
1253 469 1411
110 346 1078
63 1025 8
143 291 1182
944 731 814
590 1011 922
513 346 1288
1147 961 1405
242 514 170
646 63 1392
981 506 719
380 625 103
887 854 757
333 557 703
673 1134 191
704 957 1058
506 350 518
1435 1261 955
1329 1194 342
1336 1323 1174
1314 274 607
908 1167 869
1163 167 109
260 920 998
277 1029 555
826 843 831
869 153 1278
1115 462 78
216 500 763
1459 442 313
846 648 38
1184 184 482
335 628 705
950 231 431
24 505 1297
253 894 655
1125 1371 42
1353 220 293
1158 1371 1369
1000 678 1223
47 947 1461
182 1434 897
682 223 1432
396 341 660
1498 1039 333
693 415 1419
761 369 69
1038 475 647
614 654 1148
670 1323 1469
949 497 218
40 379 296
209 392 807
1007 417 867
778 369 984
413 187 129
871 714 840
680 387 1292
684 415 1260
24 118 1158
703 1186 741
1146 1479 565
836 790 688
1137 903 1457
887 79 601
857 932 717
1337 828 1390
1114 557 1173
36 891 676
969 1420 83
366 1344 456
383 312 234
1225 882 560
492 1300 1302
749 881 701
377 1387 1277
324 1329 914
936 933 4
426 737 1333
1232 563 1295
768 195 838
1471 1221 1288
837 1067 1390
423 160 517
1245 398 385
947 945 518
500 610 769
555 1045 538
606 198 1324
279 1224 558
661 332 466
1275 1193 913
78 1402 79
52 384 469
1119 1126 635
350 475 536
117 1435 29
1063 256 1283
71 1208 1290
265 1130 1261
692 1317 571
936 931 880
668 1331 1295
687 1334 58
747 516 64
1290 407 1072
854 1274 1452
67 1197 173
781 356 1426
1100 44 1203
780 514 306
669 1218 600
477 220 1168
419 718 1071
1381 1158 1275
44 830 1322
511 31 150
114 908 277
597 1110 940
602 56 1368
1405 159 866
339 515 774
1212 850 372
1281 1283 1163
480 1070 1269
1291 507 1252
550 358 559
649 334 218
871 79 1461
1228 496 82
1164 1363 72
1054 1215 370
558 103 488
24 940 2
194 1169 75
584 1391 112
649 440 104
1061 755 788
310 4 942
516 994 505
1198 140 191
1031 48 738
1192 99 263
281 1038 719
1081 177 239
22 366 1079
74 1260 1115
1235 237 876
311 920 1303
470 990 833
986 748 665
1091 455 1059
453 1212 1358
3 599 959
317 194 21
196 972 1394
1498 736 1211
1445 330 1142
47 1386 1090
912 1318 310
1018 1364 1373
475 1391 188
430 595 1168
762 210 879
545 1320 1072
622 164 773
523 50 953
975 1005 1367
1104 590 569
645 61 149
603 220 23
514 1293 603
1155 554 931
622 1040 1331
320 626 441
693 105 356
323 359 1168
984 130 1195
850 1446 759
29 1289 278
1432 1044 443
1255 242 873
1213 1333 1333
410 1314 116
337 1006 705
880 1033 242
437 204 1311
639 1404 283
399 1100 450
947 1097 1098
977 1272 580
1439 677 1415
1068 877 1029
857 1166 1298
123 1014 1072
1208 34 851
282 1357 629
1126 1454 243
563 1130 1046
39 335 351
312 1067 891
345 1221 715
94 149 875
1317 1332 230
447 1285 1014
1077 1485 191
850 617 1051
612 333 766
439 185 1357
1169 190 419
483 1368 619
229 419 51
611 503 78
827 1048 333
1280 333 292
333 648 94
1210 931 838
702 320 124
98 227 1465
770 480 177
1472 1409 428
41 689 838
72 1271 80
380 29 197
825 246 709
550 225 468
641 508 378
912 399 772
1113 1025 1111
1011 727 1215
710 224 430
612 1253 898
608 742 2
395 882 672
1051 1297 267
415 906 325
1282 214 460
180 642 29
720 25 246
1098 48 1020
70 383 1469
904 941 124
223 1186 711
376 1081 898
1031 17 1350
245 589 128
477 448 852
258 847 1358
1020 342 971
701 985 715
809 693 1044
1450 1390 862
917 603 990
746 318 59
748 1066 1361
205 636 377
1229 1031 975
1230 455 1376
750 583 1012
167 1469 319
329 952 356
262 1498 1233
420 113 1399
382 431 898
625 259 378
721 641 68
883 478 800
1342 603 510
1122 1035 1434
954 408 788
396 1033 1152
368 1481 1241
152 686 952
1142 1264 289
1428 407 875
1244 256 961
1361 927 1056
720 1217 922
158 270 528
200 474 565
350 831 326
1465 696 754
147 804 694
578 48 549
685 206 1124
1432 259 199
285 270 147
1341 969 1226
1247 797 899
697 1424 559
128 713 1240
1267 40 1085
975 1458 1371
748 348 1333
637 969 198
426 521 1042
362 194 1013
376 5 1322
904 321 169
293 1231 590
640 102 1499
1041 474 408
1132 683 103
721 272 847
220 756 1016
335 719 772
1057 85 297
1347 449 297
716 460 146
973 775 126
393 1318 300
1260 965 690
348 1031 1413
1314 104 591
630 845 1396
486 1228 1123
640 1095 1220
1205 888 1452
916 1423 384
1497 1336 66
1215 147 1338
482 722 688
626 992 406
443 1324 597
1238 376 1295
807 1225 1287
97 928 1043
1171 1047 327
384 1164 1164
644 771 1212
572 498 149
541 1158 788
1427 619 619
1123 401 322
942 1245 642
577 932 71
1179 68 157
791 813 1033
318 278 487
969 1150 902
1429 161 213
1268 1244 633
316 542 366
424 165 258
531 773 1251
227 77 686
1420 1144 475
547 124 656
399 33 1068
1058 1183 991
1163 761 962
1304 1221 1041
302 885 918
1242 310 780
1199 518 1445
1228 1397 1326
327 997 424
895 1372 616
293 250 599
898 1173 805
86 253 627
1237 914 647
249 261 102
556 1276 1022
89 872 1156
661 313 950
129 421 1027
245 919 1195
692 1023 132
818 1074 1170
986 1431 1051
92 449 453
280 229 746
180 204 835
546 584 119
1071 1092 94
1443 161 1396
881 200 382
851 340 834
868 790 155
26 636 1097
1455 682 983
343 1143 752
978 1248 1077
1008 1284 787
97 1211 239
1481 508 126
860 1287 150
1129 198 947
246 1134 834
275 1195 754
1042 971 1332
233 1047 707
990 823 385
1441 869 976
1049 501 1374
1414 575 1124
427 665 455
253 801 972
1115 1024 1312
96 67 236
1079 443 629
1015 1495 176
474 1385 805
1300 216 142
135 762 1117
531 1017 431
390 871 85
495 500 918
576 505 125
597 119 1463
1257 1272 1292
32 677 397
244 525 90
528 1431 1073
1124 413 670
1432 691 119
1363 1319 76
511 1185 58
1346 1082 391
517 205 453
902 722 940
584 414 349
1123 154 819
885 372 1493
509 174 74
559 1200 1052
461 738 1370
1407 756 1424
540 513 1255
898 173 908
6 983 1313
254 611 1019
1240 1076 1482
996 1468 637
106 57 1483
666 294 1185
1063 930 597
171 73 120
1499 534 1171
1200 365 417
1380 1239 240
1273 243 190
63 637 431
914 975 198
744 917 721
83 643 454
196 924 1362
239 350 863
980 1050 1416
201 1087 686
1162 394 546
774 868 939
453 1145 935
1053 720 189
1049 840 985
701 55 1096
1252 822 1455
922 868 451
46 1217 1458
1020 1097 618
362 515 736
1171 291 969
1279 172 647
631 572 822
1355 844 415
697 424 1295
717 1091 206
73 1024 813
1209 1249 1401
962 1447 225
865 522 1089
1402 104 1263
216 99 904
135 753 928
1101 709 859
848 542 1384
428 661 1270
358 1192 1397
40 593 506
692 1314 985
119 1 1007
371 292 1283
557 1360 794
473 923 31
565 510 1054
1268 1157 1290
81 290 92
1210 124 891
1144 571 1157
1456 338 1384
183 1391 264
1188 636 913
99 620 1305
975 297 762
224 608 66
791 100 997
141 604 1241
1258 717 842
38 1366 1369
398 1049 114
361 627 626
120 229 238
772 449 1146
1240 230 1096
741 765 930
1347 1 424
959 1103 1293
761 1207 1484
973 1430 622
267 454 1348
352 1140 1261
388 1102 1481
114 984 214
249 1229 211
1210 102 1244
1062 1224 274
414 26 1027
343 1161 376
866 1405 226
235 416 1291
1036 443 656
28 118 1136
364 1041 1097
296 528 405
1272 883 334
1463 765 838
712 713 379
629 317 176
1313 391 125
228 813 314
1269 54 35
1000 901 823
655 1071 132
153 1469 117
197 37 1435
722 1294 840
1236 1132 735
1444 883 263
425 729 886
529 684 172
1437 1424 162
1477 1 227
179 925 331
22 970 1116
955 794 1270
1472 834 928
1377 573 1429
276 713 96
1294 197 1078
949 1363 638
1368 27 1012
201 466 1471
442 171 818
378 527 838
246 165 1449
1443 1282 855
1409 1222 1209
316 461 1225
1467 284 697
606 651 766
445 690 358
793 1420 832
383 583 968
420 233 73
3 1118 512
1361 112 283
699 1412 120
1457 1120 1428
711 1276 1104
640 1374 868
560 1482 710
941 544 28
1388 210 8
447 528 659
457 949 988
1087 947 1434
367 1407 1022
10 355 715
979 946 72
1264 1486 577
504 1162 417
1013 1289 973
744 1338 885
863 315 634
68 1210 357
922 663 456
1256 825 1489
446 1025 1412
386 853 1291
738 849 401
906 1062 187
13 692 1187
71 1273 1350
1050 60 343
86 1405 337
182 1279 397
1092 207 1350
1032 1066 858
422 112 410
1349 465 1329
70 1490 942
518 764 1242
159 51 31
573 1240 280
1476 689 1277
1359 464 236
1010 922 790
443 759 245
1197 517 930
584 387 194
1243 1220 814
1157 953 1457
923 858 755
185 961 236
965 461 1084
810 969 3
552 726 611
180 468 1034
1058 335 808
1301 1041 621
1354 593 695
957 787 312
724 389 823
547 75 141
924 519 374
235 868 386
1056 32 1264
757 434 471
1227 75 1470
247 166 190
203 312 74
937 124 1032
1415 318 1274
339 347 981
487 378 1281
644 1082 545
1123 92 1327
988 1397 754
1479 1357 123
1049 409 635
1259 298 1337
1215 768 322
329 1382 482
768 952 1107
1208 88 1035
1208 1028 1255
123 1391 898
230 478 1086
956 835 788
1384 163 464
1285 1305 1189
255 698 1180
1046 1358 1274
226 326 1360
1273 554 1379
663 665 360
1360 828 567
1493 183 345
1241 1464 34
1334 939 627
1220 1290 698
876 1142 576
1157 863 682
58 593 546
540 447 737
733 1000 1264
79 736 78
395 497 344
603 252 755
598 343 1473
159 1247 1158
661 630 222
23 606 179
1401 448 1148
938 1178 1332
893 1170 1059
863 453 206
582 566 555
1198 34 689
1142 1322 1401
272 1102 713
603 12 210
608 330 583
4 449 1188
739 127 1374
87 945 161
526 1182 686
418 799 331
467 85 692
338 498 678
1056 1458 875
1316 660 340
1463 1287 341
280 1184 22
860 491 1109
379 1140 906
903 854 91
9 179 350
975 81 468
1477 302 857
694 565 1155
1209 478 615
698 1187 633
1173 1396 883
1391 1282 536
1212 388 794
737 679 304
811 880 486
1400 188 1449
795 883 1130
523 701 596
130 1055 741
190 1075 321
579 1127 340
1435 565 635
693 437 889
483 1481 1080
573 821 1045
1342 608 634
1236 122 331
493 550 1123
1500 313 681
1421 596 1179
324 1312 236
1124 1066 209
880 413 760
168 791 35
205 502 1166
1386 391 707
847 115 347
415 233 930
1027 895 1390
256 294 360
133 1209 606
1365 948 835
1234 182 528
1225 1113 838
462 1128 1482
1130 1445 506
482 1241 1213
678 1326 1435
163 910 181
1050 1344 586
1147 863 428
1057 517 924
465 859 1235
106 424 907
1182 623 174
714 63 1472
777 1290 541
629 39 906
372 174 1149
381 538 1351
1273 1172 1486
992 1183 276
1425 268 337
218 461 1342
814 377 1216
1362 339 448
368 454 160
802 196 1322
836 86 188
412 233 869
897 298 922
963 1231 692
1474 838 342
1279 176 852
403 1200 588
281 372 133
1 483 762
794 59 240
315 801 466
66 230 586
454 776 129
117 1055 1170
977 1041 1053
380 1372 942
786 1446 381
270 610 897
546 1353 88
74 654 1122
1278 616 905
988 557 506
610 801 861
968 778 489
667 1430 569
198 84 684
404 715 569
770 1133 282
52 1283 1040
305 11 1141
67 1204 747
658 824 802
1470 678 392
945 375 124
618 1187 1062
30 73 1473
92 823 431
984 922 339
66 399 515
281 243 1343
191 1387 768
872 1399 974
470 460 363
49 169 1309
532 305 1341
882 1334 1411
1467 550 239
900 838 1168
1008 1362 844
542 315 1276
1078 1061 563
817 293 844
447 1490 841
334 453 477
908 1089 550
1054 946 762
793 292 730
434 1417 1086
992 229 1247
1152 117 1312
49 37 833
518 663 202
566 1 299
1124 1309 363
887 328 820
766 1053 707
742 52 572
716 312 761
1335 125 928
1304 1414 993
907 462 1294
567 161 500
698 242 1479
12 60 870
286 703 178
349 1403 756
517 749 401
424 321 686
66 353 371
1017 21 516
937 396 22
275 1023 405
1017 1103 697
512 1193 697
682 70 1016
1239 87 675
1479 1089 84
1099 469 1017
207 703 1110
1296 1096 603
906 1042 96
244 1239 200
1320 737 412
604 255 281
1498 1292 973
562 904 107
1129 980 1418
864 109 309
1467 811 870
94 1271 361
147 60 365
1256 215 573
479 78 1167
1217 1279 512
1397 69 1200
830 1003 6
820 205 1075
270 827 1323
749 752 613
1407 1332 923
554 186 610
1022 1281 250
819 451 406
824 510 318
320 917 1221
235 826 1228
1134 402 1316
1127 1299 1011
678 1126 101
1027 1187 211
800 452 1442
225 1251 1034
1310 703 980
774 695 962
103 376 57
1287 887 89
59 566 688
265 1272 1236
1114 1390 967
194 449 318
1006 160 1011
816 643 1065
924 1407 973
1171 603 890
1398 1205 166
965 928 148
768 932 76
215 638 147
111 923 1374
198 170 1394
165 1189 482
1116 287 847
810 986 148
209 1427 1028
776 1405 1316
1281 808 1477
891 1029 1273
410 799 727
1283 231 335
7 265 1202
419 1223 762
1385 193 179
178 610 782
1288 880 1105
583 379 417
1245 1246 1359
229 1410 1253
679 372 126
1276 509 650
185 366 328
432 125 824
984 1500 778
222 21 212
41 1183 162
659 608 203
38 1225 1063
379 1237 82
1244 925 39
735 171 342
290 902 239
112 3 1286
791 1259 98
919 562 477
454 1051 1001
778 727 194
456 714 1098
1371 980 1160
1242 706 279
1385 155 631
237 284 723
1060 229 617
810 1337 256
1218 1444 504
687 795 1112
548 92 1035
629 1162 1229
786 1394 68
1243 1252 639
1482 687 451
977 88 463
1046 1315 824
1238 281 328
49 298 952
663 945 674
992 1100 823
279 1480 1178
26 833 1214
696 369 1010
239 838 247
877 302 949
94 473 1062
915 1059 150
795 411 1177
1255 719 562
1229 869 1276
714 1358 1472
735 87 233
680 652 342
503 1214 186
1272 1282 302
1139 1325 732
1495 287 1247
727 995 1431
53 775 1259
1156 1321 1282
139 1212 1322
294 1321 685
92 605 1494
266 389 1
626 904 292
1438 287 1057
32 360 215
793 447 1206
231 1366 550
1372 333 383
965 494 926
1147 1257 853
1312 454 1136
835 1379 123
605 232 956
1357 1174 1244
1154 502 241
281 535 389
1187 594 189
43 999 559
140 1041 1139
797 235 1020
1038 318 907
825 246 266
1117 890 507
1250 1417 225
938 1409 42
1436 693 403
241 409 1066
763 291 499
1103 711 79
1413 891 579
1110 917 1240
672 534 48
294 473 1410
248 159 923
567 726 1307
1233 1181 196
1280 1153 305
76 1302 71
1170 1416 670
1181 1466 490
561 1146 123
693 702 960
1237 1392 549
1308 1470 761
1309 916 931
178 1383 1451
289 989 1161
408 1169 68
705 1281 337
224 1237 345
775 550 188
1157 980 810
156 17 754
255 1155 580
539 602 952
1363 481 442
312 1216 1437
545 799 127
879 357 684
477 1339 258
1252 1185 654
500 1389 1152
627 1097 667
383 1047 291
1319 286 1433
207 1120 193
86 76 149
259 1270 701
1046 569 1208
519 1083 456
21 176 1233
860 245 1488
1156 425 42
658 269 945
962 879 672
1499 1061 1166
1277 898 1024
49 1104 1006
1159 176 1058
1191 1159 1167
1306 1421 0
692 1451 340
531 902 1059
1291 851 959
1220 345 1020
1334 966 728
74 1140 157
198 344 340
435 817 351
1449 765 1031
1053 861 103
431 1292 605
608 145 721
30 628 775
1416 853 1015
1229 220 396
753 1392 1187
1336 273 1074
674 1407 1052
896 1150 1110
1005 390 961
847 1194 1181
1109 374 403
273 1226 668
1392 343 886
215 945 5
1207 1366 1499
751 734 1088
60 598 870
847 250 1072
336 155 1409
558 1405 1348
1060 107 776
440 853 504
1094 1084 1335
513 294 241
964 1168 266
1166 1335 782
545 840 469
787 1484 1007
886 426 1072
313 1373 636
523 325 575
1178 694 148
1400 1180 567
446 46 4
1395 305 316
1423 1225 700
154 1091 225
775 1005 1218
1209 242 213
84 77 682
221 766 151
116 544 80
258 685 1207
1120 348 163
1216 472 1033
20 767 243
200 1137 278
1395 299 1248
1062 773 415
1280 396 95
320 1 1307
1274 1351 113
45 918 937
755 773 1440
494 416 106
890 143 890
1246 960 854
758 1423 1099
1205 448 100
1302 963 1119
1409 473 1081
784 1254 870
824 146 1326
598 1052 452
243 1284 1046
1489 197 165
145 252 223
317 241 1117
1349 11 41
611 1324 1180
1073 967 1090
520 1271 1375
111 1491 164
713 276 517
1183 233 294
1045 756 943
509 140 548
480 926 410
1052 1006 984
557 425 313
112 1121 911
959 962 778
770 275 206
545 252 786
340 957 1432
1062 629 402
736 1320 437
1014 699 599
42 600 1204
878 1125 1302
770 3 1132
1055 383 1190
57 916 25
727 1393 1302
538 1124 341
1060 804 797
373 95 805
802 297 857
1442 442 994
708 66 392
670 36 1296
1184 91 1166
963 1034 631
958 611 120
1210 264 453
1091 538 1381
30 1128 677
796 1246 1058
689 736 926
1416 2 1401
116 723 344
1348 548 672
585 752 410
989 264 613
1044 949 1181
1453 641 795
726 658 141
312 224 295
1208 777 1150
732 690 776
446 607 789
199 841 287
1348 451 7
266 125 1307
117 770 737
1454 160 158
591 122 1335
1222 44 674
111 119 303
290 64 698
454 377 1268
994 770 869
382 1306 586
748 1285 778
1155 1228 16
375 138 1053
406 1229 1016
1069 714 578
137 1192 240
65 1354 649
914 1330 336
1131 891 759
1056 1300 1326
1208 728 166
13 608 1270
377 927 356
1460 478 924
484 362 1391
22 672 874
1363 1483 673
306 1410 1303
222 735 1286
176 679 639
1421 440 1480
243 188 551
64 1416 1160
77 539 232
1260 1049 302
1152 337 525
1001 65 1032
700 1078 1049
1029 992 88
581 234 1292
485 970 212
1056 21 1433
536 42 515
700 933 431
1308 1356 21
975 98 406
800 693 545
273 429 1477
149 195 1188
1308 627 1379
110 646 180
1116 1082 1385
565 952 101
