1000 -313177824
10651263.43
13698194.26
16619190.04
63168.15
9160104.53
8422045.12
3631192.72
21112361.66
19823024.01
10253567.46
17069591.64
5776958.66
14592790.39
16937866.79
646978.20
5664465.20
13421752.32
3524275.69
869308.23
17230490.38
20096235.35
1972413.46
19365999.50
20077984.15
4436536.51
18742799.66
15370871.65
7695806.81
18280459.05
1337115.35
6361235.17
7456886.00
15035309.61
1505588.73
7520054.16
2720577.67
9927633.86
11151246.88
2358102.85
8275821.39
21404814.34
19427694.50
14052780.05
14522768.25
14890724.81
14699758.25
20187233.45
6837640.66
18224033.94
21056541.69
2593294.56
16845432.81
1554118.67
484457.58
15448580.48
5990655.19
19227257.24
9344615.65
13686462.00
16032879.81
10681731.01
20047697.18
2014929.34
4242204.14
78449.43
9534983.50
6962781.81
10006083.29
20686230.38
9320884.67
18281904.68
20616208.24
7273742.69
10859848.25
13664140.01
689631.02
4084770.03
12376536.99
7527271.68
833967.49
11958242.20
10120566.24
17679400.31
13512360.87
10605023.82
11653144.31
19503016.06
8357444.58
20997759.97
11714641.59
2915487.92
10204654.50
10287502.29
4930417.26
14446858.64
10365951.72
14465400.76
21409640.46
20372035.02
13676794.66
9255688.65
17179103.22
12818166.42
16529431.34
6564115.00
5007469.95
17219062.36
10648885.03
17384006.94
3271497.57
11482852.52
7867412.66
13392063.81
7687416.35
21379773.54
2522251.16
19340560.67
19407953.12
10879695.74
18863484.16
9647758.23
13795183.66
7593302.18
19935260.52
18725600.92
565324.34
8826375.77
11716165.20
500128.32
7723574.31
3918123.38
9755816.97
3427841.05
16736289.80
4810411.83
9991956.05
268923.28
554637.72
20640841.08
17652930.22
3826135.29
10648857.13
4045506.41
17218199.10
18336273.48
3950443.47
19740450.26
16201997.67
1883560.11
9145309.53
13590645.35
11531318.35
1465656.71
21183947.53
9991742.39
20191257.64
274435.40
18818118.16
10432586.36
774563.72
5066855.99
14350709.75
10530380.70
8494697.05
9612163.07
15340792.53
18486653.10
9881086.35
15895430.25
17652657.71
6059180.10
19721565.54
6826678.36
10104686.51
15464928.17
3688115.36
14055129.98
13730541.95
19890113.04
15938690.09
1401015.00
12005921.91
5995171.96
2866671.72
11715032.97
15986914.36
1583092.88
11989468.37
13330196.04
12015679.24
12764032.09
18397052.04
4891552.51
1819576.31
5416912.61
14503715.59
17160368.85
2428729.23
2909965.46
11580962.62
20081386.94
8969145.56
9827691.69
5433228.82
19073832.07
3817783.38
9121344.19
11654125.57
17548325.33
7536620.75
6117979.19
18949340.34
19542542.66
12113151.15
341175.58
9782739.15
6625229.03
1924268.46
297371.04
19955425.08
13939947.70
13061403.14
16877640.64
18831500.22
14880979.45
819716.77
11860379.33
10566511.82
3248446.00
14770344.79
672637.97
1854996.47
2264653.88
10500329.66
7288225.29
21338485.95
14318113.04
16409569.48
11517775.05
10391601.89
2471353.75
17635754.24
7866105.75
539059.94
8274068.91
8207281.33
10321799.09
14899297.95
10131549.79
10619170.14
13379886.55
2596661.02
2205736.80
8782690.71
21428161.24
17086716.25
9602407.48
11813704.09
6178391.60
12850853.48
5109212.40
6851029.57
14705849.95
7373866.28
17351359.23
519238.77
7237515.76
10194635.79
16928808.25
18755290.81
20586237.68
19400162.01
14916208.57
6977506.96
19939221.95
1715441.00
15184788.29
8786184.56
16614738.95
3841501.61
19405354.70
8519789.02
6438162.63
136255.02
17302479.73
6391487.39
17222971.28
5430050.73
18205191.48
1926526.40
18280904.22
1839567.40
8777555.97
11511917.69
9213433.69
4654078.72
12031156.46
16450949.45
14848714.51
7485128.24
13731403.78
13960115.71
5410453.77
7172775.87
20937622.67
3874839.24
8888216.87
14647574.49
12661023.80
4028119.35
18489076.10
10591542.03
12547908.37
3452402.25
10727797.05
8375551.63
9843889.64
6475931.85
13805602.36
6574244.64
8402458.25
10611670.10
8413812.04
17180014.22
648751.32
17627245.73
359256.46
12679907.78
12603358.70
15207970.97
20165036.02
4859926.00
7693250.21
4100653.31
12032701.87
7156036.40
7975492.55
20920918.75
328774.41
20636516.36
3474201.62
18817850.51
9753221.91
16022109.99
795416.28
20481018.96
2922825.14
10639305.92
5482114.34
16728427.51
17213550.56
13884572.59
5865261.13
4152526.13
9589750.34
6514012.45
304935.38
9949006.80
19193920.24
12908294.09
3682141.30
17884119.78
17768220.09
11375391.51
509936.62
8326085.49
18531427.91
8485429.17
7772167.76
18860202.33
7647109.05
11246369.38
16203216.36
17400330.96
5793642.89
16998632.65
16406513.45
8716468.04
6163102.09
413791.31
3970059.07
1901816.18
14298363.90
9835320.20
6054342.31
2413277.76
16349332.66
6359277.69
12362284.57
14068416.42
19267571.78
16044425.87
10477699.72
15560955.40
5944980.90
10987636.34
2412204.41
3001572.33
19473065.52
10184372.17
386938.18
5645338.09
21430741.55
16590154.55
1570832.58
5749547.96
12113950.72
17977346.03
14466016.00
18277052.81
18391137.34
18436075.07
20178868.99
11214664.76
6796558.80
4758374.82
13627942.53
1671054.98
11117652.52
4515390.62
15739471.40
8910387.82
20559816.49
4742334.64
2996506.74
5029960.91
15729970.99
5408711.15
8031533.24
13728200.03
15593083.32
8418471.43
19373538.12
15548988.39
3533789.50
20944370.70
21298536.36
15647740.22
17446880.25
14289715.88
12449956.55
14363181.11
11250954.48
11153989.07
4103009.40
18047513.28
15912363.89
17730951.93
19718568.26
5555179.93
771506.07
13983203.18
14465567.76
21331322.56
18725537.82
17462074.50
4886446.99
12980672.33
1395949.18
12917980.23
5234035.88
16989032.50
21336451.66
3132737.53
11063184.42
3395404.68
2602271.75
10886884.30
19043144.90
20049152.01
3701763.70
10018264.98
12937496.64
14952718.18
21172254.05
17040506.04
11525394.98
15609781.46
13296621.49
9769126.76
21164961.40
14068127.56
2277493.46
14155692.68
13924613.64
21003031.29
10142930.70
18811060.63
12508867.14
11538879.88
10254204.39
17742903.03
7053075.91
10115819.57
20875640.56
18116260.33
13511224.26
2003075.83
7528308.15
11079532.68
577391.36
11230071.85
21097797.66
13514888.01
4707953.56
20795215.23
9080557.57
16233348.54
14930160.22
902342.59
4527638.83
14620285.14
14970470.15
6805132.29
7301141.34
7420247.32
6333327.10
17444072.04
4756471.47
18842194.25
7508115.45
15010675.86
15110260.80
14561191.36
3651658.96
14511064.88
11202615.21
17162883.22
16514140.71
18730923.36
6767579.42
17091532.08
8486158.73
6390540.61
9131583.61
13194112.29
5710919.36
18212141.18
7952624.36
20641079.58
19114483.77
12480263.19
13786528.24
12610117.45
19285395.48
21087669.58
20030364.77
4143886.11
17056905.15
3311999.76
1511243.88
3090184.12
18322675.63
16621504.68
17651375.48
499498.11
9657733.08
7379154.21
17662381.33
4697037.31
4635241.09
2955124.27
313732.91
13121399.82
9345664.88
9445316.52
4840675.64
15056584.25
6182621.23
12793300.00
14222827.35
3822268.52
3798726.71
6534519.12
16432385.97
1609285.71
6147352.22
14987914.26
5753171.82
1729420.89
18299914.03
7264415.70
4819605.01
15147753.18
2411083.90
996144.01
15647251.29
12068816.98
8375298.22
11834796.14
16765854.30
13010539.31
14789920.41
17079587.21
4657102.66
2660748.82
5050067.26
9497778.30
17717333.07
11232688.49
816241.82
10465323.94
15054957.01
4614968.53
16999843.06
10012506.51
6224254.24
1672358.81
3525584.29
11977426.07
3401779.70
350661.84
19241841.77
8221384.72
15498415.02
178089.20
9217528.73
9670829.83
12246906.18
17592826.96
30789.49
7537924.00
9128529.79
14820709.91
3142674.74
13785632.45
17481458.73
8192742.00
1808574.27
13723955.32
19425430.49
2624816.09
2714442.78
13005551.02
7239784.62
19714285.85
1543221.05
13464038.87
21386644.66
5068805.35
3966628.46
3313587.88
5419467.19
1733633.75
11534972.60
20917882.22
1911722.95
20752501.34
9113875.57
14158629.14
16870491.82
9144665.07
221716.66
4524185.13
2490538.50
3364391.40
18309817.59
19971997.23
11557133.40
20118391.86
12221116.07
9507727.41
1268371.48
14935558.85
1038441.96
8508156.10
13175008.22
2581663.01
497358.49
13086816.40
7650468.36
4463986.95
16400404.29
13069935.56
6197620.71
6460540.41
12512981.30
8109343.66
5738205.27
152020.39
793136.32
1133860.61
9296685.46
1014852.99
5658045.75
11787223.96
4379244.39
2493026.86
10284384.71
15936377.80
1136582.24
1030664.30
3969268.73
2404953.72
15966223.16
5007710.69
10913109.83
7666394.90
7589373.71
11410468.32
20753211.31
15239842.07
15874455.28
15678779.12
6834941.15
597239.51
664483.05
19347922.45
8706583.17
6402688.33
19499942.85
9499719.50
7536548.94
7321791.83
10514572.49
13194594.69
19109015.80
14893816.88
15687621.55
7918564.03
9355358.20
16824203.80
8949228.34
13324626.94
19229157.52
3440615.02
18332337.63
8667430.87
11107009.92
4446874.86
20077899.20
10385384.75
19686716.94
14477518.00
4589327.39
5046821.61
15074757.51
5253810.45
2919907.59
2306504.20
11656498.78
945013.96
11806223.70
19193047.72
8266805.79
845959.71
10912805.94
5900985.11
15739776.60
5125591.01
13819549.15
3620298.32
474958.33
1293941.01
16944925.26
19704115.86
4734556.03
13802426.42
6896710.25
15841565.95
18249301.28
5499772.97
4752114.23
16461181.74
19977290.97
9341441.62
33166.88
13577212.00
14595252.07
2953074.47
15883716.21
4776914.37
3898088.43
6215103.43
2495125.62
12164894.22
7061063.15
13407931.56
18065879.34
1326003.27
18533522.57
10410592.01
4946301.59
19008480.91
11704533.02
416390.38
17237760.29
16439089.05
14218816.80
2659634.06
10805818.52
10993281.60
8159407.04
15557932.75
5979626.87
6661861.53
3424537.90
6012793.75
20239073.54
18019789.97
8965868.22
14647953.27
1321867.87
12863956.65
20863056.70
3816993.49
3554014.39
6449283.37
17224925.05
145057.25
7775286.64
14283611.14
10555649.26
12721588.24
11817255.57
785345.80
13137978.62
7580179.38
17224434.85
5881958.94
10239813.45
6555416.90
16875240.54
18399220.49
638513.17
1380030.93
3586245.54
4063051.07
7392824.68
2350482.60
608004.57
16358692.90
16998435.87
1929872.44
7747813.07
16386656.10
5746865.93
11301827.47
1361102.99
1496954.50
11446884.72
9136389.64
15780565.64
527697.51
383141.40
6122984.74
1313043.31
13521120.02
13703164.12
18537478.17
19403078.96
2468141.09
3618058.59
14803483.02
20867361.58
4256571.76
16183513.96
2978770.65
8319622.84
2101502.16
5329253.25
8927627.41
18460195.07
852852.65
10857499.85
4733171.66
17239508.75
16604365.78
16034999.13
18600611.74
18101320.28
6007047.38
6262164.90
12407049.44
6534744.89
6645306.30
18530034.18
7847788.20
20166426.32
10758361.83
4910429.89
18094668.80
13226502.92
8528488.48
11423315.35
12619028.03
12785060.25
6131992.83
15597798.68
21104683.09
8233494.99
20927051.93
8557474.02
5218853.58
305068.10
19414973.87
9952025.25
17544576.85
14544503.17
4512187.90
14670352.12
11170986.97
10519235.28
20932517.02
2103199.93
17053980.17
6102986.85
20633234.12
3426931.90
4794576.69
9916759.47
8337361.79
1414409.02
1668425.91
16865850.28
12837724.37
14287453.94
8176074.05
18969717.20
8410416.14
7805920.66
5728375.71
7862631.60
16363394.68
10947229.30
8167699.70
14303532.07
20899254.55
4237440.08
7373198.76
3936605.97
18907792.20
18544185.73
14455841.26
18365472.74
20647385.66
10034984.95
2993623.11
19805783.30
13461916.85
7788199.81
8247706.29
324442.17
9202608.83
9916132.21
17190292.45
565496.72
2728749.67
3891530.02
19535213.92
11139165.82
11697450.68
3788753.15
19001797.42
6586008.88
14735982.45
5694660.64
20889540.95
14160400.52
9932100.72
6787903.23
18097006.50
7365056.44
3857252.48
11078011.28
4255692.71
3029801.66
21112996.23
7249315.82
1360748.49
13100076.61
15037515.63
9608454.78
13424518.78
2765287.98
19524586.99
9139974.75
3330784.70
778500.19
13031504.77
1391162.14
11917666.01
3254118.97
5179915.30
9444626.95
9840127.85
19915897.75
15139287.59
9254832.32
12601461.80
3596551.84
16042735.55
9223631.82
10961608.28
19899988.03
20301643.10
15217300.99
1454953.21
19939802.85
991780.34
