Case #1:
1	111
2	110
4	92
8	93
16	85
32	75
64	80
128	91
256	99
512	87
1024	90
2048	105
4096	131
8192	169
16384	196
32768	219
65536	286
131072	407
262144	611
524288	886
1048576	979

Case #2:
1	106
2	113
4	90
8	80
16	86
32	77
64	94
128	78
256	97
512	85
1024	114
2048	98
4096	129
8192	142
16384	176
32768	232
65536	270
131072	409
262144	624
524288	861
1048576	987

Case #3:
1	106
2	102
4	94
8	105
16	82
32	77
64	78
128	90
256	77
512	106
1024	103
2048	120
4096	129
8192	143
16384	167
32768	228
65536	272
131072	426
262144	631
524288	854
1048576	985

Case #4:
1	118
2	85
4	92
8	86
16	71
32	90
64	81
128	94
256	81
512	101
1024	102
2048	113
4096	126
8192	154
16384	189
32768	235
65536	261
131072	398
262144	648
524288	870
1048576	990

