100
3
1 5
5 2
2 5
2
1 3
4 5
3
1 2
3 4
1 4
4
1 1
1 1
1 1
1 1
5
1 2
1 2
2 1
2 1
1 2
16
1 3
3 1
1 3
3 1
1 3
3 1
1 3
3 1
1 3
3 1
1 3
3 1
1 3
3 1
1 3
3 1
16
1 3
3 6
6 1
4 1
4 3
3 5
5 2
2 4
6 1
1 3
3 1
1 2
2 1
1 4
6 1
1 3
16
1 3
3 6
6 1
4 1
4 3
3 5
5 2
2 4
4 3
1 3
3 1
1 2
2 1
1 4
4 2
2 6
8
1 4
4 1
2 6
6 2
3 4
4 3
5 5
5 5
10
1 4
4 1
2 6
6 2
3 4
4 3
5 5
5 5
4 5
5 4
13
1 6
3 3
2 4
6 3
3 5
4 6
5 2
3 2
2 5
5 4
6 3
2 1
4 2
15
2 6
6 2
2 6
6 2
2 6
6 2
2 6
6 2
2 6
6 2
2 6
6 2
6 6
6 2
6 2
15
2 6
6 2
2 6
6 2
2 6
6 2
2 6
6 2
2 6
6 2
2 6
6 2
6 2
6 2
6 2
16
1 1
1 2
1 3
1 4
2 1
2 2
2 3
2 4
3 1
3 2
3 3
3 4
4 1
4 2
4 3
4 4
1
1 3
2
1 5
5 1
3
1 2
2 1
1 2
6
6 6
6 6
6 6
6 6
6 6
6 6
7
1 5
5 1
5 1
5 1
5 1
1 5
1 5
8
2 3
2 3
2 3
2 3
3 2
3 2
3 2
3 2
9
5 3
5 3
5 3
3 5
3 5
3 5
5 3
5 3
5 3
10
2 4
2 4
2 4
2 4
2 4
4 2
4 2
4 2
2 4
4 2
11
4 5
4 5
4 5
4 5
4 5
4 5
5 4
5 4
5 4
5 4
5 4
12
5 6
5 6
5 6
6 5
6 5
6 5
5 6
5 6
5 6
6 5
6 5
6 5
13
2 4
4 2
2 4
4 2
2 4
2 4
4 2
2 4
4 2
2 4
4 2
4 2
4 2
14
6 2
6 2
6 2
6 2
6 2
6 2
6 2
6 2
6 2
6 2
6 2
6 2
6 2
6 2
15
1 6
1 6
1 6
1 6
1 6
1 6
1 6
1 6
1 6
1 6
1 6
1 6
1 6
1 6
1 6
13
2 4
3 1
5 6
6 1
4 2
3 2
2 6
4 5
4 2
5 1
6 6
5 5
3 3
14
2 4
3 1
5 6
6 1
1 4
4 2
3 2
4 6
4 5
4 2
5 1
6 6
5 5
3 3
12
2 5
4 4
3 3
3 2
4 6
5 3
3 6
4 3
6 4
2 5
6 1
5 4
2
1 3
3 3
2
1 2
4 5
2
3 5
5 6
5
2 6
1 3
3 5
5 4
6 1
9
2 6
1 3
3 5
5 4
6 1
4 2
2 5
5 1
5 5
16
1 2
2 5
5 2
5 5
2 2
3 3
3 2
2 5
5 1
1 3
3 1
1 4
4 2
2 3
3 2
6 6
16
1 2
2 3
3 2
2 1
1 2
2 3
3 1
1 3
6 6
6 5
5 4
4 5
5 6
6 4
4 5
5 6
16
1 2
2 3
3 2
2 1
1 2
2 3
3 1
1 3
6 2
6 5
5 4
4 5
5 6
6 4
4 5
5 6
16
1 2
2 3
3 2
2 1
1 2
2 3
3 1
1 3
6 3
6 5
5 4
4 5
5 6
6 4
4 5
5 6
10
1 2
2 3
3 4
4 5
5 6
6 4
4 2
2 5
5 1
1 6
14
1 1
1 1
1 1
1 1
2 2
2 2
2 2
2 2
3 3
3 3
3 3
3 3
1 3
3 2
16
1 1
1 1
2 2
2 2
3 3
3 3
4 4
4 4
5 5
5 5
6 6
1 3
3 6
6 2
2 5
5 4
16
1 2
1 2
1 2
1 2
2 4
2 4
2 4
2 4
4 3
4 3
4 3
4 3
3 5
3 5
3 5
3 5
16
3 4
3 4
3 4
3 4
3 4
3 4
3 4
3 4
6 4
6 4
6 4
6 4
6 4
6 4
6 4
6 4
16
3 4
3 4
3 4
3 4
3 4
3 4
3 4
3 4
3 4
6 4
3 4
6 4
6 4
3 4
3 4
6 4
8
6 2
6 4
1 3
3 2
2 5
2 1
1 2
3 1
12
1 6
2 6
4 1
5 3
4 2
1 1
2 3
1 5
6 1
5 2
4 6
3 1
7
1 5
6 2
6 2
6 1
1 1
2 6
2 5
5
3 1
2 1
1 1
4 3
5 1
11
3 6
2 6
2 6
1 1
3 3
4 4
4 4
5 5
5 6
5 3
1 3
15
3 3
3 5
2 4
2 2
5 2
3 1
3 2
3 4
2 5
3 5
1 4
4 3
4 4
5 4
2 5
12
3 2
2 2
4 2
3 6
3 6
3 2
3 1
3 6
1 5
5 2
5 4
5 1
8
6 1
1 1
6 6
5 1
1 4
5 1
4 1
1 1
8
1 5
4 4
5 6
2 1
5 4
5 2
4 4
4 6
16
1 3
6 6
1 4
4 3
3 6
1 4
3 1
3 4
4 4
6 4
6 4
4 4
3 1
6 1
3 3
6 1
14
2 3
5 6
2 5
4 3
5 5
4 5
3 3
6 3
3 5
6 2
5 4
3 5
5 2
6 5
8
2 2
6 5
5 2
2 2
6 5
5 2
2 1
1 4
13
3 5
3 2
5 3
6 5
5 5
2 5
3 3
5 2
3 5
3 3
3 5
3 2
5 3
14
2 3
5 6
3 5
6 4
2 2
5 1
5 5
6 6
5 3
2 5
2 1
6 5
5 2
6 3
9
3 6
5 4
5 2
4 2
5 2
3 5
3 2
4 3
3 3
12
1 2
3 3
5 3
1 3
5 3
1 3
1 4
3 4
2 4
3 4
1 4
1 3
16
4 2
1 2
2 2
4 3
4 3
6 6
1 1
3 5
2 3
2 4
3 1
3 1
4 6
6 3
3 6
6 1
13
4 2
3 3
3 4
6 2
2 2
2 1
3 4
2 6
1 4
1 2
4 3
4 3
2 2
16
6 4
1 4
5 6
2 2
3 5
2 5
5 1
4 5
3 6
3 3
1 6
3 1
6 5
3 5
5 5
6 2
10
3 2
5 4
2 1
4 5
2 1
2 6
6 3
3 2
3 4
4 5
10
3 6
6 1
4 3
3 3
6 5
3 5
6 1
6 6
3 6
6 4
12
6 1
2 4
5 1
5 5
5 1
4 1
2 2
4 2
6 6
2 4
2 2
6 4
13
3 6
3 3
1 4
6 2
3 1
2 3
3 4
3 2
1 2
2 5
1 1
3 5
3 1
11
3 6
1 4
6 5
4 2
4 4
4 1
3 4
4 2
5 2
4 2
2 3
11
2 4
5 5
1 4
2 1
2 2
1 5
1 2
1 3
2 4
1 3
5 4
12
5 2
1 5
5 5
2 2
2 2
1 1
6 5
5 1
2 1
1 4
1 2
1 2
8
6 3
3 2
3 6
6 3
5 4
5 3
2 3
6 2
10
1 4
4 4
5 5
3 5
4 3
5 1
5 4
1 4
6 1
1 5
16
4 1
6 2
6 2
2 6
2 4
6 6
2 1
4 3
5 1
3 3
2 3
6 1
2 2
6 1
6 1
4 4
13
3 4
2 3
4 3
2 4
5 4
4 1
1 1
6 4
1 1
1 1
6 1
2 4
3 4
13
2 3
3 5
1 1
5 5
4 1
5 5
4 4
2 6
4 5
6 5
5 1
6 4
3 6
16
2 5
4 6
2 1
5 4
5 4
6 6
5 3
2 6
6 2
4 5
6 2
5 6
2 1
5 4
5 6
5 4
13
4 2
1 5
6 4
4 5
1 2
4 4
2 6
6 5
3 2
6 6
4 6
4 6
5 4
14
3 6
3 5
3 6
4 5
4 1
5 3
1 6
6 1
4 3
2 1
3 4
2 1
1 1
2 1
10
2 1
3 1
2 1
5 5
4 3
2 3
6 5
6 4
6 5
6 1
14
3 4
6 6
4 1
6 4
4 4
4 6
5 3
4 5
3 5
1 6
4 3
6 3
6 3
4 5
11
2 3
6 2
6 5
2 6
5 6
3 6
2 2
3 2
5 3
3 3
5 6
9
4 4
4 4
1 5
3 6
6 3
5 1
4 1
1 6
6 4
15
4 6
1 5
5 4
1 3
1 5
6 2
4 3
4 3
2 5
4 2
1 6
2 3
3 1
2 4
2 1
8
2 5
2 5
4 2
5 4
4 4
5 1
4 2
5 5
15
3 1
2 1
2 6
2 3
2 3
4 2
3 1
6 4
4 2
6 1
6 2
6 5
5 6
1 1
3 2
12
1 3
3 4
3 4
3 3
2 1
6 1
4 2
4 4
1 2
6 2
4 6
4 6
12
4 4
4 2
2 3
1 6
1 4
6 1
4 4
6 2
3 3
2 4
6 6
4 1
14
3 4
5 6
2 6
1 4
6 4
1 4
6 5
4 4
2 3
5 5
6 6
2 4
5 5
2 5
15
1 1
4 2
5 3
6 6
5 2
3 5
1 5
1 1
2 4
6 2
6 1
5 4
1 3
1 4
5 1
14
3 1
5 6
2 6
5 2
6 5
5 6
1 5
3 5
1 3
1 3
2 2
3 1
5 3
2 1
10
3 1
2 5
3 3
3 2
4 4
2 2
3 2
1 5
4 2
4 4
14
6 3
2 6
4 4
2 6
4 2
2 2
6 2
6 2
2 6
4 2
3 6
2 4
2 3
6 3
12
2 2
6 1
6 3
2 1
3 1
5 1
6 2
6 5
5 2
3 2
2 1
2 1
15
3 6
2 3
4 4
4 2
5 4
6 4
6 3
4 2
2 4
3 3
2 2
6 4
4 6
6 4
3 4
8
5 4
5 1
5 5
5 3
1 2
4 2
5 4
4 3
9
4 5
1 4
1 3
4 4
5 4
4 4
2 5
4 3
2 3
13
1 6
3 6
4 1
3 6
4 3
5 4
3 6
4 2
2 2
2 5
3 3
3 6
2 3
15
2 5
3 6
4 2
2 5
4 6
1 4
4 5
2 3
1 6
4 5
6 4
1 4
6 4
1 6
4 3
11
3 3
2 1
3 5
3 2
3 1
5 3
3 3
4 3
3 3
6 3
4 4
