50 1000 18 1
1 46 4
1 31 1
1 34 1
1 3 5
1 44 1
1 6 2
1 11 2
1 29 3
1 3 5
1 23 3
1 19 4
1 18 1
1 17 4
1 42 3
1 37 3
1 32 2
1 29 5
1 34 5
1 50 2
1 30 2
1 6 1
1 28 1
1 21 3
1 6 4
1 34 5
1 43 4
1 6 3
1 8 2
1 12 2
1 35 2
1 27 2
1 12 3
1 24 2
1 21 3
1 33 3
1 26 4
1 1 5
1 1 1
1 41 5
1 36 4
1 6 4
2 14 3
2 7 5
2 20 5
2 16 2
2 41 4
2 15 1
2 25 3
2 39 5
2 34 2
2 29 1
2 8 3
2 39 3
2 9 2
2 12 2
2 5 3
2 37 1
2 44 4
2 15 4
2 30 5
2 32 1
2 13 5
2 10 1
2 27 4
2 36 5
2 50 1
2 30 5
2 30 2
2 11 4
2 13 3
2 3 5
2 22 4
2 20 5
2 49 1
2 45 4
2 22 5
2 23 4
3 6 4
3 7 4
3 38 5
3 23 2
3 10 2
3 13 1
3 25 2
3 24 4
3 36 5
3 40 4
3 12 1
3 27 5
3 9 1
3 40 5
3 17 4
3 43 5
3 10 2
3 35 5
3 8 2
3 17 5
3 9 4
3 32 4
3 13 5
3 39 2
3 20 2
3 15 1
3 43 3
3 33 3
3 43 4
3 31 2
3 4 4
3 34 3
3 33 4
3 20 2
3 38 4
3 3 2
3 49 4
4 29 2
4 40 4
4 23 3
4 11 5
4 6 2
4 27 5
4 48 2
4 22 5
4 7 1
4 23 5
4 39 5
4 48 3
4 27 5
4 41 4
4 47 1
4 22 4
4 24 5
4 46 1
4 50 2
4 25 4
4 46 5
4 26 4
4 25 4
4 17 2
4 43 2
4 44 4
4 46 1
4 28 4
4 25 1
4 37 3
4 49 2
5 24 2
5 36 4
5 28 3
5 14 2
5 8 1
5 17 1
5 24 1
5 23 3
5 28 2
5 11 1
5 33 4
5 47 2
5 47 5
5 9 1
5 43 5
5 40 5
5 28 4
5 15 1
5 9 1
5 29 1
5 37 2
5 21 5
5 32 3
5 10 4
5 50 1
5 27 5
5 40 1
5 38 2
5 16 3
5 10 5
5 23 3
5 20 3
6 17 3
6 34 5
6 10 2
6 46 5
6 23 3
6 25 1
6 32 4
6 24 3
6 35 5
6 17 2
6 34 2
6 16 5
6 21 1
6 35 5
6 13 1
6 23 1
6 26 5
6 37 2
6 46 1
6 7 3
6 29 5
6 13 3
6 31 1
6 26 3
6 35 4
6 36 5
6 28 1
6 28 2
6 11 1
6 37 5
6 45 2
6 17 2
6 18 1
6 23 1
6 42 5
6 23 4
6 31 4
6 47 1
6 42 4
6 11 4
7 8 2
7 29 1
7 35 1
7 43 1
7 43 1
7 7 3
7 30 4
7 9 5
7 26 5
7 36 1
7 36 1
7 43 3
7 10 3
7 45 2
7 39 4
7 34 3
7 20 5
7 50 2
7 21 4
7 43 5
7 9 5
7 19 2
7 15 4
7 35 5
7 35 1
7 42 5
7 35 4
7 38 4
7 50 4
7 44 2
7 48 2
7 32 4
7 12 1
7 18 4
8 39 1
8 21 2
8 27 2
8 37 4
8 44 5
8 50 3
8 30 2
8 40 2
8 33 2
8 21 2
8 27 3
8 44 3
8 28 5
8 33 4
8 9 4
8 23 3
8 38 5
8 41 2
8 43 4
8 17 4
8 37 1
8 31 4
8 26 2
8 18 1
8 32 5
8 49 5
8 12 5
8 24 3
8 36 3
8 8 3
8 38 3
8 38 3
8 19 2
8 50 4
8 17 2
8 38 1
8 45 2
8 19 1
9 34 1
9 16 4
9 46 4
9 30 2
9 16 4
9 37 1
9 21 2
9 19 4
9 19 1
9 28 2
9 46 3
9 35 2
9 26 5
9 39 1
9 36 3
9 39 3
9 48 5
9 34 4
9 28 4
9 28 1
9 14 5
9 29 2
9 23 5
9 38 4
9 47 2
9 24 5
9 16 3
9 39 3
9 25 1
9 44 2
10 27 3
10 11 1
10 41 5
10 44 1
10 22 3
10 11 3
10 22 2
10 34 4
10 10 3
10 50 1
10 19 1
10 44 5
10 25 2
10 24 1
10 32 3
10 48 1
10 44 3
10 25 3
10 25 4
10 50 2
10 12 2
10 12 4
10 22 1
10 18 2
10 50 4
10 50 4
10 30 2
10 34 1
11 32 1
11 16 3
11 30 1
11 19 1
11 38 1
11 30 2
11 19 2
11 41 4
11 19 2
11 23 5
11 25 2
11 35 1
11 50 4
11 26 3
11 28 2
11 35 2
11 30 4
11 16 1
11 22 5
11 26 5
11 16 3
11 43 4
11 32 3
11 25 1
11 35 3
11 47 4
11 15 4
11 46 3
11 31 2
11 50 3
11 17 4
11 36 2
11 28 2
11 27 3
12 28 4
12 42 2
12 40 3
12 32 1
12 14 4
12 16 2
12 47 2
12 19 2
12 47 4
12 28 4
12 16 2
12 26 2
12 39 2
12 49 2
12 48 4
12 30 5
12 33 3
12 21 2
12 39 1
12 36 5
12 13 1
12 19 2
12 28 2
12 22 2
12 32 2
12 15 5
12 35 5
12 13 1
12 18 2
13 45 1
13 43 3
13 15 1
13 14 5
13 20 4
13 27 4
13 33 5
13 18 5
13 20 2
13 42 4
13 40 5
13 16 1
13 35 5
13 44 5
13 29 2
13 46 5
13 27 3
13 47 5
13 18 4
13 46 1
13 29 4
13 17 5
13 25 1
13 32 4
13 19 4
13 46 1
13 37 1
13 15 2
13 50 3
13 28 2
13 49 5
13 48 4
13 26 5
13 33 5
14 17 3
14 29 3
14 33 4
14 42 5
14 35 5
14 32 3
14 43 4
14 43 5
14 19 4
14 17 4
14 46 3
14 24 5
14 45 3
14 47 2
14 27 4
14 16 2
14 36 3
14 42 2
14 38 4
14 40 1
14 30 2
14 48 3
14 36 2
14 28 1
14 48 5
14 23 4
14 30 4
14 29 4
14 44 2
14 44 3
14 40 1
14 36 5
14 18 4
14 23 1
15 19 4
15 42 1
15 50 2
15 19 4
15 47 3
15 39 2
15 42 1
15 30 3
15 32 1
15 45 5
15 41 4
15 41 1
15 36 1
15 22 5
15 16 4
15 21 2
15 47 2
15 46 2
15 19 3
15 46 4
15 49 3
15 47 1
15 21 3
15 24 3
15 37 3
15 49 5
15 48 3
15 28 2
15 40 1
15 19 1
15 40 2
15 50 2
16 42 5
16 18 3
16 23 2
16 35 4
16 23 3
16 24 3
16 48 4
16 18 4
16 27 1
16 41 4
16 25 1
16 35 2
16 31 4
16 16 4
16 25 1
16 41 3
16 40 4
16 48 1
16 47 2
16 49 3
16 27 3
16 40 1
16 38 1
16 48 5
16 19 5
16 19 3
16 38 1
16 49 1
16 23 1
16 33 1
16 32 5
16 28 4
16 41 4
16 20 5
17 45 4
17 33 3
17 38 4
17 24 1
17 34 1
17 48 1
17 38 2
17 24 1
17 43 5
17 18 1
17 22 4
17 22 3
17 26 5
17 48 2
17 40 2
17 34 5
17 38 1
17 19 3
17 31 3
18 18 3
18 22 1
18 31 5
18 44 5
18 33 1
18 50 2
18 20 1
18 39 2
18 44 1
18 34 5
18 38 3
18 38 1
18 41 1
18 48 5
18 19 1
18 41 2
18 31 1
18 45 1
18 33 1
18 24 5
19 28 4
19 48 3
19 28 3
19 35 5
19 33 1
19 22 3
19 43 3
19 34 3
19 48 5
19 43 2
19 36 1
19 33 1
19 26 3
19 30 4
19 38 4
19 27 4
19 27 5
19 25 5
19 47 4
19 49 3
20 36 2
20 40 3
20 44 2
20 32 4
20 28 4
20 46 2
20 37 5
20 45 3
20 37 4
20 46 1
20 46 2
20 31 2
20 44 3
20 50 1
20 47 2
20 23 1
20 40 4
20 36 3
20 42 2
20 21 2
20 31 5
20 43 5
20 42 2
20 46 4
20 39 3
20 22 3
20 41 5
20 36 3
20 26 2
20 36 3
21 49 1
21 24 2
21 41 3
21 50 2
21 48 2
21 32 2
21 34 4
21 36 3
21 50 5
21 31 3
21 34 2
21 37 1
21 37 1
21 23 4
21 48 1
21 47 1
21 34 3
21 36 2
21 40 4
21 35 5
21 39 2
21 33 4
21 38 5
22 32 4
22 34 3
22 40 5
22 22 2
22 48 1
22 28 2
22 43 4
22 26 2
22 40 1
22 44 1
22 48 2
22 33 2
22 36 5
22 39 2
22 40 4
22 39 5
22 50 3
22 27 3
22 48 3
22 29 1
22 49 1
22 23 3
22 26 4
22 48 4
22 25 2
23 40 2
23 27 5
23 34 3
23 24 4
23 48 2
23 27 4
23 35 3
23 25 4
23 25 4
23 47 1
23 38 4
23 50 4
23 33 1
23 43 2
23 27 3
23 41 5
23 46 2
23 37 2
23 24 5
23 39 3
23 38 2
23 37 4
24 41 4
24 41 5
24 45 2
24 33 1
24 37 2
24 50 5
24 44 3
24 35 3
24 35 4
24 38 2
24 30 4
24 49 1
24 46 5
24 36 2
24 35 4
24 48 1
24 25 3
24 28 1
25 29 2
25 30 4
25 39 3
25 47 4
25 39 2
25 40 4
25 50 5
25 32 2
25 29 4
25 48 3
25 25 4
25 31 3
25 31 1
25 35 4
25 30 5
25 33 1
25 27 2
25 37 5
25 29 5
26 48 1
26 36 4
26 50 2
26 34 5
26 37 4
26 32 3
26 49 3
26 42 1
26 50 2
26 47 2
26 38 4
26 33 1
26 34 4
26 43 4
26 32 5
26 26 5
26 39 4
26 37 3
26 41 1
27 33 1
27 40 5
27 29 1
27 31 4
27 34 3
27 46 2
27 28 5
27 36 1
27 44 4
27 47 3
27 42 3
27 28 2
27 27 1
27 31 2
28 42 1
28 43 3
28 39 1
28 43 1
28 49 3
28 41 1
28 50 2
28 36 2
28 38 4
28 47 4
28 43 1
29 46 1
29 38 4
29 43 3
29 30 1
29 39 5
29 41 2
29 49 5
29 44 4
29 50 2
29 43 2
29 35 1
29 39 1
29 36 2
29 35 1
29 42 3
29 36 4
29 32 3
29 38 3
29 34 2
29 42 3
29 38 4
29 34 4
29 44 3
30 47 2
30 33 4
30 45 1
30 34 5
30 35 3
30 33 1
30 46 3
30 41 2
30 44 5
30 44 3
30 44 3
30 37 2
30 35 1
30 49 3
31 39 4
31 49 5
31 41 5
31 39 5
31 50 1
31 38 3
31 50 2
31 47 2
31 44 5
31 39 2
31 40 5
31 41 2
31 46 4
31 49 5
31 36 1
32 49 3
32 37 2
32 42 4
32 32 4
32 35 4
32 45 4
32 44 5
32 37 1
32 40 1
32 49 3
32 34 2
32 39 2
32 36 4
32 45 2
32 33 5
32 43 4
32 46 1
32 44 3
32 48 3
32 40 1
33 50 2
33 42 5
33 50 5
33 44 1
33 46 4
33 39 2
33 34 2
33 45 5
33 43 1
33 42 5
33 48 4
33 33 1
33 40 3
33 35 3
33 40 1
33 39 5
33 45 2
33 43 1
33 48 3
33 42 4
33 50 5
34 41 4
34 40 1
34 49 3
34 42 1
34 35 1
34 35 3
34 42 3
34 35 4
34 39 5
34 50 1
34 42 4
34 46 5
34 42 3
34 41 4
34 42 4
34 42 3
34 50 1
35 48 3
35 37 3
35 35 1
35 40 1
35 39 1
35 50 4
35 38 5
35 50 4
35 36 1
35 43 5
35 50 3
35 44 3
35 47 2
35 36 5
35 47 3
35 46 2
35 43 4
35 46 4
36 47 2
36 50 2
36 43 1
36 46 2
36 50 5
36 50 3
36 39 3
36 39 5
36 44 2
36 36 4
36 36 5
36 41 2
36 40 5
36 40 5
37 39 5
37 45 3
37 49 3
37 38 2
37 41 2
37 40 4
37 41 2
37 44 1
37 50 4
38 41 4
38 46 5
38 47 4
38 44 5
38 48 5
38 43 3
38 41 5
38 43 3
39 46 3
39 46 3
39 46 4
39 49 4
39 40 2
39 42 1
39 42 3
39 42 4
39 45 5
39 42 3
39 47 5
40 48 2
40 43 5
40 42 4
40 40 5
40 41 2
40 42 4
40 44 1
40 43 2
40 41 5
40 48 3
40 42 1
40 48 1
40 47 2
41 45 1
41 43 1
41 49 5
41 50 1
41 50 1
41 44 5
41 43 5
41 50 3
41 45 3
41 42 5
42 48 1
42 43 1
42 50 4
42 45 4
42 50 4
42 47 3
42 45 5
42 50 4
42 46 2
43 49 4
43 50 1
44 49 3
44 48 5
44 48 5
45 47 4
46 49 5
46 49 3
46 47 2
48 48 4
48 50 2
49 50 3
49 50 5
50 50 4
